x in Angstrom	y
3901,0000	-500,0000
3902,0000	-500,0000
3903,0000	-500,0000
3904,0000	-500,0000
3905,0000	-500,0000
3906,0000	-500,0000
3907,0000	-500,0000
3908,0000	-500,0000
3909,0000	-500,0000
3910,0000	-500,0000
3911,0000	-500,0000
3912,0000	-500,0000
3913,0000	-500,0000
3914,0000	-500,0000
3915,0000	-500,0000
3916,0000	-500,0000
3917,0000	-500,0000
3918,0000	-500,0000
3919,0000	-500,0000
3920,0000	-500,0000
3921,0000	-500,0000
3922,0000	-500,0000
3923,0000	-500,0000
3924,0000	-500,0000
3925,0000	-500,0000
3926,0000	-500,0000
3927,0000	-500,0000
3928,0000	-500,0000
3929,0000	-500,0000
3930,0000	-500,0000
3931,0000	-500,0000
3932,0000	-500,0000
3933,0000	-500,0000
3934,0000	-500,0000
3935,0000	-500,0000
3936,0000	-500,0000
3937,0000	-500,0000
3938,0000	-500,0000
3939,0000	-500,0000
3940,0000	-500,0000
3941,0000	-500,0000
3942,0000	-500,0000
3943,0000	-500,0000
3944,0000	-500,0000
3945,0000	-500,0000
3946,0000	-500,0000
3947,0000	-500,0000
3948,0000	-500,0000
3949,0000	-500,0000
3950,0000	-500,0000
3951,0000	-500,0000
3952,0000	-500,0000
3953,0000	-500,0000
3954,0000	-500,0000
3955,0000	-500,0000
3956,0000	-500,0000
3957,0000	-500,0000
3958,0000	-500,0000
3959,0000	-500,0000
3960,0000	-500,0000
3961,0000	-500,0000
3962,0000	-500,0000
3963,0000	-500,0000
3964,0000	-500,0000
3965,0000	-500,0000
3966,0000	-500,0000
3967,0000	-500,0000
3968,0000	-500,0000
3969,0000	-500,0000
3970,0000	-500,0000
3971,0000	-500,0000
3972,0000	-500,0000
3973,0000	-500,0000
3974,0000	-500,0000
3975,0000	-500,0000
3976,0000	-500,0000
3977,0000	-500,0000
3978,0000	-500,0000
3979,0000	-500,0000
3980,0000	-500,0000
3981,0000	-500,0000
3982,0000	-500,0000
3983,0000	-500,0000
3984,0000	-500,0000
3985,0000	-500,0000
3986,0000	-500,0000
3987,0000	-500,0000
3988,0000	-500,0000
3989,0000	-500,0000
3990,0000	-500,0000
3991,0000	-500,0000
3992,0000	-500,0000
3993,0000	-500,0000
3994,0000	-500,0000
3995,0000	-500,0000
3996,0000	-500,0000
3997,0000	-500,0000
3998,0000	-500,0000
3999,0000	-500,0000
4000,0000	-500,0000
4001,0000	-500,0000
4002,0000	-500,0000
4003,0000	-500,0000
4004,0000	-500,0000
4005,0000	-500,0000
4006,0000	-500,0000
4007,0000	-500,0000
4008,0000	-500,0000
4009,0000	-500,0000
4010,0000	-500,0000
4011,0000	-500,0000
4012,0000	-500,0000
4013,0000	-500,0000
4014,0000	-500,0000
4015,0000	-500,0000
4016,0000	-500,0000
4017,0000	-500,0000
4018,0000	-500,0000
4019,0000	-500,0000
4020,0000	-500,0000
4021,0000	-500,0000
4022,0000	-500,0000
4023,0000	-500,0000
4024,0000	-500,0000
4025,0000	-500,0000
4026,0000	-500,0000
4027,0000	-500,0000
4028,0000	-500,0000
4029,0000	-500,0000
4030,0000	-500,0000
4031,0000	-500,0000
4032,0000	-500,0000
4033,0000	-500,0000
4034,0000	-500,0000
4035,0000	-500,0000
4036,0000	-500,0000
4037,0000	-500,0000
4038,0000	-500,0000
4039,0000	-500,0000
4040,0000	-500,0000
4041,0000	-500,0000
4042,0000	-500,0000
4043,0000	-500,0000
4044,0000	-500,0000
4045,0000	-500,0000
4046,0000	-500,0000
4047,0000	-500,0000
4048,0000	-500,0000
4049,0000	-500,0000
4050,0000	-500,0000
4051,0000	-500,0000
4052,0000	-500,0000
4053,0000	-500,0000
4054,0000	-500,0000
4055,0000	-500,0000
4056,0000	-500,0000
4057,0000	-500,0000
4058,0000	-500,0000
4059,0000	-500,0000
4060,0000	-500,0000
4061,0000	-500,0000
4062,0000	-500,0000
4063,0000	-500,0000
4064,0000	-500,0000
4065,0000	-500,0000
4066,0000	-500,0000
4067,0000	-500,0000
4068,0000	-500,0000
4069,0000	-500,0000
4070,0000	-500,0000
4071,0000	-500,0000
4072,0000	-500,0000
4073,0000	-500,0000
4074,0000	-500,0000
4075,0000	-500,0000
4076,0000	-500,0000
4077,0000	-500,0000
4078,0000	-500,0000
4079,0000	-500,0000
4080,0000	-500,0000
4081,0000	-500,0000
4082,0000	-500,0000
4083,0000	-500,0000
4084,0000	-500,0000
4085,0000	-500,0000
4086,0000	-500,0000
4087,0000	-500,0000
4088,0000	-500,0000
4089,0000	-500,0000
4090,0000	-500,0000
4091,0000	-500,0000
4092,0000	-500,0000
4093,0000	-500,0000
4094,0000	-500,0000
4095,0000	-500,0000
4096,0000	-500,0000
4097,0000	-500,0000
4098,0000	-500,0000
4099,0000	-500,0000
4100,0000	-500,0000
4101,0000	-500,0000
4102,0000	-500,0000
4103,0000	-500,0000
4104,0000	-500,0000
4105,0000	-500,0000
4106,0000	-500,0000
4107,0000	-500,0000
4108,0000	-500,0000
4109,0000	-500,0000
4110,0000	-500,0000
4111,0000	-500,0000
4112,0000	-500,0000
4113,0000	-500,0000
4114,0000	-500,0000
4115,0000	-500,0000
4116,0000	-500,0000
4117,0000	-500,0000
4118,0000	-500,0000
4119,0000	-500,0000
4120,0000	-500,0000
4121,0000	-500,0000
4122,0000	-500,0000
4123,0000	-500,0000
4124,0000	-500,0000
4125,0000	-500,0000
4126,0000	-500,0000
4127,0000	-500,0000
4128,0000	-500,0000
4129,0000	-500,0000
4130,0000	-500,0000
4131,0000	-500,0000
4132,0000	-500,0000
4133,0000	-500,0000
4134,0000	-500,0000
4135,0000	-500,0000
4136,0000	-500,0000
4137,0000	-500,0000
4138,0000	-500,0000
4139,0000	-500,0000
4140,0000	-500,0000
4141,0000	-500,0000
4142,0000	-500,0000
4143,0000	-500,0000
4144,0000	-500,0000
4145,0000	-500,0000
4146,0000	-500,0000
4147,0000	-500,0000
4148,0000	-500,0000
4149,0000	-500,0000
4150,0000	-500,0000
4151,0000	-500,0000
4152,0000	-500,0000
4153,0000	-500,0000
4154,0000	-500,0000
4155,0000	-500,0000
4156,0000	-500,0000
4157,0000	-500,0000
4158,0000	-500,0000
4159,0000	-500,0000
4160,0000	-500,0000
4161,0000	-500,0000
4162,0000	-500,0000
4163,0000	-500,0000
4164,0000	-500,0000
4165,0000	-500,0000
4166,0000	-500,0000
4167,0000	-500,0000
4168,0000	-500,0000
4169,0000	-500,0000
4170,0000	-500,0000
4171,0000	-500,0000
4172,0000	-500,0000
4173,0000	-500,0000
4174,0000	-500,0000
4175,0000	-500,0000
4176,0000	-500,0000
4177,0000	-500,0000
4178,0000	-500,0000
4179,0000	-500,0000
4180,0000	-500,0000
4181,0000	-500,0000
4182,0000	-500,0000
4183,0000	-500,0000
4184,0000	-500,0000
4185,0000	-500,0000
4186,0000	-500,0000
4187,0000	-500,0000
4188,0000	-500,0000
4189,0000	-500,0000
4190,0000	-500,0000
4191,0000	-500,0000
4192,0000	-500,0000
4193,0000	-500,0000
4194,0000	-500,0000
4195,0000	-500,0000
4196,0000	-500,0000
4197,0000	-500,0000
4198,0000	-500,0000
4199,0000	-500,0000
4200,0000	-500,0000
4201,0000	-500,0000
4202,0000	-500,0000
4203,0000	-500,0000
4204,0000	-500,0000
4205,0000	-500,0000
4206,0000	-500,0000
4207,0000	-500,0000
4208,0000	-500,0000
4209,0000	-500,0000
4210,0000	-500,0000
4211,0000	-500,0000
4212,0000	-500,0000
4213,0000	-500,0000
4214,0000	-500,0000
4215,0000	-500,0000
4216,0000	-500,0000
4217,0000	-500,0000
4218,0000	-500,0000
4219,0000	-500,0000
4220,0000	-500,0000
4221,0000	-500,0000
4222,0000	-500,0000
4223,0000	-500,0000
4224,0000	-500,0000
4225,0000	-500,0000
4226,0000	-500,0000
4227,0000	-500,0000
4228,0000	-500,0000
4229,0000	-500,0000
4230,0000	-500,0000
4231,0000	-500,0000
4232,0000	-500,0000
4233,0000	-500,0000
4234,0000	-500,0000
4235,0000	-500,0000
4236,0000	-500,0000
4237,0000	-500,0000
4238,0000	-500,0000
4239,0000	-500,0000
4240,0000	-500,0000
4241,0000	-500,0000
4242,0000	-500,0000
4243,0000	-500,0000
4244,0000	-500,0000
4245,0000	-500,0000
4246,0000	-500,0000
4247,0000	-500,0000
4248,0000	-500,0000
4249,0000	-500,0000
4250,0000	-500,0000
4251,0000	-500,0000
4252,0000	-500,0000
4253,0000	-500,0000
4254,0000	-500,0000
4255,0000	-500,0000
4256,0000	-500,0000
4257,0000	-500,0000
4258,0000	-500,0000
4259,0000	-500,0000
4260,0000	-500,0000
4261,0000	-500,0000
4262,0000	-500,0000
4263,0000	-500,0000
4264,0000	-500,0000
4265,0000	-500,0000
4266,0000	-500,0000
4267,0000	-500,0000
4268,0000	-500,0000
4269,0000	-500,0000
4270,0000	-500,0000
4271,0000	-500,0000
4272,0000	-500,0000
4273,0000	-500,0000
4274,0000	-500,0000
4275,0000	-500,0000
4276,0000	-500,0000
4277,0000	-500,0000
4278,0000	-500,0000
4279,0000	-500,0000
4280,0000	-500,0000
4281,0000	-500,0000
4282,0000	-500,0000
4283,0000	-500,0000
4284,0000	-500,0000
4285,0000	-500,0000
4286,0000	-500,0000
4287,0000	-500,0000
4288,0000	-500,0000
4289,0000	-500,0000
4290,0000	-500,0000
4291,0000	-500,0000
4292,0000	-500,0000
4293,0000	-500,0000
4294,0000	-500,0000
4295,0000	-500,0000
4296,0000	-500,0000
4297,0000	-500,0000
4298,0000	-500,0000
4299,0000	-500,0000
4300,0000	-500,0000
4301,0000	-500,0000
4302,0000	-500,0000
4303,0000	-500,0000
4304,0000	-500,0000
4305,0000	-500,0000
4306,0000	-500,0000
4307,0000	-500,0000
4308,0000	-500,0000
4309,0000	-500,0000
4310,0000	-500,0000
4311,0000	-500,0000
4312,0000	-500,0000
4313,0000	-500,0000
4314,0000	-500,0000
4315,0000	-500,0000
4316,0000	-500,0000
4317,0000	-500,0000
4318,0000	-500,0000
4319,0000	-500,0000
4320,0000	-500,0000
4321,0000	-500,0000
4322,0000	-500,0000
4323,0000	-500,0000
4324,0000	-500,0000
4325,0000	-500,0000
4326,0000	-500,0000
4327,0000	-500,0000
4328,0000	-500,0000
4329,0000	-500,0000
4330,0000	-500,0000
4331,0000	-500,0000
4332,0000	-500,0000
4333,0000	-500,0000
4334,0000	-500,0000
4335,0000	-500,0000
4336,0000	-500,0000
4337,0000	-500,0000
4338,0000	-500,0000
4339,0000	-500,0000
4340,0000	-500,0000
4341,0000	-500,0000
4342,0000	-500,0000
4343,0000	-500,0000
4344,0000	-500,0000
4345,0000	-500,0000
4346,0000	-500,0000
4347,0000	-500,0000
4348,0000	-500,0000
4349,0000	-500,0000
4350,0000	-500,0000
4351,0000	-500,0000
4352,0000	-500,0000
4353,0000	-500,0000
4354,0000	-500,0000
4355,0000	-500,0000
4356,0000	-500,0000
4357,0000	-500,0000
4358,0000	-500,0000
4359,0000	-500,0000
4360,0000	-500,0000
4361,0000	-500,0000
4362,0000	-500,0000
4363,0000	-500,0000
4364,0000	-500,0000
4365,0000	-500,0000
4366,0000	-500,0000
4367,0000	-500,0000
4368,0000	-500,0000
4369,0000	-500,0000
4370,0000	-500,0000
4371,0000	-500,0000
4372,0000	-500,0000
4373,0000	-500,0000
4374,0000	-500,0000
4375,0000	-500,0000
4376,0000	-500,0000
4377,0000	-500,0000
4378,0000	-500,0000
4379,0000	-500,0000
4380,0000	-500,0000
4381,0000	-500,0000
4382,0000	-500,0000
4383,0000	-500,0000
4384,0000	-500,0000
4385,0000	-500,0000
4386,0000	-500,0000
4387,0000	-500,0000
4388,0000	-500,0000
4389,0000	-500,0000
4390,0000	-500,0000
4391,0000	-500,0000
4392,0000	-500,0000
4393,0000	-500,0000
4394,0000	-500,0000
4395,0000	-500,0000
4396,0000	-500,0000
4397,0000	-500,0000
4398,0000	-500,0000
4399,0000	-500,0000
4400,0000	-500,0000
4401,0000	-500,0000
4402,0000	-500,0000
4403,0000	-500,0000
4404,0000	-500,0000
4405,0000	-500,0000
4406,0000	-500,0000
4407,0000	-500,0000
4408,0000	-500,0000
4409,0000	-500,0000
4410,0000	-500,0000
4411,0000	-500,0000
4412,0000	-500,0000
4413,0000	-500,0000
4414,0000	-500,0000
4415,0000	-500,0000
4416,0000	-500,0000
4417,0000	-500,0000
4418,0000	-500,0000
4419,0000	-500,0000
4420,0000	-500,0000
4421,0000	-500,0000
4422,0000	-500,0000
4423,0000	-500,0000
4424,0000	-500,0000
4425,0000	-500,0000
4426,0000	-500,0000
4427,0000	-500,0000
4428,0000	-500,0000
4429,0000	-500,0000
4430,0000	-500,0000
4431,0000	-500,0000
4432,0000	-500,0000
4433,0000	-500,0000
4434,0000	-500,0000
4435,0000	-500,0000
4436,0000	-500,0000
4437,0000	-500,0000
4438,0000	-500,0000
4439,0000	-500,0000
4440,0000	-500,0000
4441,0000	-500,0000
4442,0000	-500,0000
4443,0000	-500,0000
4444,0000	-500,0000
4445,0000	-500,0000
4446,0000	-500,0000
4447,0000	-500,0000
4448,0000	-500,0000
4449,0000	-500,0000
4450,0000	-500,0000
4451,0000	-500,0000
4452,0000	-500,0000
4453,0000	-500,0000
4454,0000	-500,0000
4455,0000	-500,0000
4456,0000	-500,0000
4457,0000	-500,0000
4458,0000	-500,0000
4459,0000	-500,0000
4460,0000	-500,0000
4461,0000	-500,0000
4462,0000	-500,0000
4463,0000	-500,0000
4464,0000	-500,0000
4465,0000	-500,0000
4466,0000	-500,0000
4467,0000	-500,0000
4468,0000	-500,0000
4469,0000	-500,0000
4470,0000	-500,0000
4471,0000	-500,0000
4472,0000	-500,0000
4473,0000	-500,0000
4474,0000	-500,0000
4475,0000	-500,0000
4476,0000	-500,0000
4477,0000	-500,0000
4478,0000	-500,0000
4479,0000	-500,0000
4480,0000	-500,0000
4481,0000	-500,0000
4482,0000	-500,0000
4483,0000	-500,0000
4484,0000	-500,0000
4485,0000	-500,0000
4486,0000	-500,0000
4487,0000	-500,0000
4488,0000	-500,0000
4489,0000	-500,0000
4490,0000	-500,0000
4491,0000	-500,0000
4492,0000	-500,0000
4493,0000	-500,0000
4494,0000	-500,0000
4495,0000	-500,0000
4496,0000	-500,0000
4497,0000	-500,0000
4498,0000	-500,0000
4499,0000	-500,0000
4500,0000	-500,0000
4501,0000	-500,0000
4502,0000	-500,0000
4503,0000	-500,0000
4504,0000	-500,0000
4505,0000	-500,0000
4506,0000	-500,0000
4507,0000	-500,0000
4508,0000	-500,0000
4509,0000	-500,0000
4510,0000	-500,0000
4511,0000	-500,0000
4512,0000	-500,0000
4513,0000	-500,0000
4514,0000	-500,0000
4515,0000	-500,0000
4516,0000	-500,0000
4517,0000	-500,0000
4518,0000	-500,0000
4519,0000	-500,0000
4520,0000	-500,0000
4521,0000	-500,0000
4522,0000	-500,0000
4523,0000	-500,0000
4524,0000	-500,0000
4525,0000	-500,0000
4526,0000	-500,0000
4527,0000	-500,0000
4528,0000	-500,0000
4529,0000	-500,0000
4530,0000	-500,0000
4531,0000	-500,0000
4532,0000	-500,0000
4533,0000	-500,0000
4534,0000	-500,0000
4535,0000	-500,0000
4536,0000	-500,0000
4537,0000	-500,0000
4538,0000	-500,0000
4539,0000	-500,0000
4540,0000	-500,0000
4541,0000	-500,0000
4542,0000	-500,0000
4543,0000	-500,0000
4544,0000	-500,0000
4545,0000	-500,0000
4546,0000	-500,0000
4547,0000	-500,0000
4548,0000	-500,0000
4549,0000	-500,0000
4550,0000	-500,0000
4551,0000	-500,0000
4552,0000	-500,0000
4553,0000	-500,0000
4554,0000	-500,0000
4555,0000	-500,0000
4556,0000	-500,0000
4557,0000	-500,0000
4558,0000	-500,0000
4559,0000	-500,0000
4560,0000	-500,0000
4561,0000	-500,0000
4562,0000	-500,0000
4563,0000	-500,0000
4564,0000	-500,0000
4565,0000	-500,0000
4566,0000	-500,0000
4567,0000	-500,0000
4568,0000	-500,0000
4569,0000	-500,0000
4570,0000	-500,0000
4571,0000	-500,0000
4572,0000	-500,0000
4573,0000	-500,0000
4574,0000	-500,0000
4575,0000	-500,0000
4576,0000	-500,0000
4577,0000	-500,0000
4578,0000	-500,0000
4579,0000	-500,0000
4580,0000	-500,0000
4581,0000	-500,0000
4582,0000	-500,0000
4583,0000	-500,0000
4584,0000	-500,0000
4585,0000	-500,0000
4586,0000	-500,0000
4587,0000	-500,0000
4588,0000	-500,0000
4589,0000	-500,0000
4590,0000	-500,0000
4591,0000	-500,0000
4592,0000	-500,0000
4593,0000	-500,0000
4594,0000	-500,0000
4595,0000	-500,0000
4596,0000	-500,0000
4597,0000	-500,0000
4598,0000	-500,0000
4599,0000	-500,0000
4600,0000	-500,0000
4601,0000	-500,0000
4602,0000	-500,0000
4603,0000	-500,0000
4604,0000	-500,0000
4605,0000	-500,0000
4606,0000	-500,0000
4607,0000	-500,0000
4608,0000	-500,0000
4609,0000	-500,0000
4610,0000	-500,0000
4611,0000	-500,0000
4612,0000	-500,0000
4613,0000	-500,0000
4614,0000	-500,0000
4615,0000	-500,0000
4616,0000	-500,0000
4617,0000	-500,0000
4618,0000	-500,0000
4619,0000	-500,0000
4620,0000	-500,0000
4621,0000	-500,0000
4622,0000	-500,0000
4623,0000	-500,0000
4624,0000	-500,0000
4625,0000	-500,0000
4626,0000	-500,0000
4627,0000	-500,0000
4628,0000	-500,0000
4629,0000	-500,0000
4630,0000	-500,0000
4631,0000	-500,0000
4632,0000	-500,0000
4633,0000	-500,0000
4634,0000	-500,0000
4635,0000	-500,0000
4636,0000	-500,0000
4637,0000	-500,0000
4638,0000	-500,0000
4639,0000	-500,0000
4640,0000	-500,0000
4641,0000	-500,0000
4642,0000	-500,0000
4643,0000	-500,0000
4644,0000	-500,0000
4645,0000	-500,0000
4646,0000	-500,0000
4647,0000	-500,0000
4648,0000	-500,0000
4649,0000	-500,0000
4650,0000	-500,0000
4651,0000	-500,0000
4652,0000	-500,0000
4653,0000	-500,0000
4654,0000	-500,0000
4655,0000	-500,0000
4656,0000	-500,0000
4657,0000	-500,0000
4658,0000	-500,0000
4659,0000	-500,0000
4660,0000	-500,0000
4661,0000	-500,0000
4662,0000	-500,0000
4663,0000	-500,0000
4664,0000	-500,0000
4665,0000	-500,0000
4666,0000	-500,0000
4667,0000	-500,0000
4668,0000	-500,0000
4669,0000	-500,0000
4670,0000	-500,0000
4671,0000	-500,0000
4672,0000	-500,0000
4673,0000	-500,0000
4674,0000	-500,0000
4675,0000	-500,0000
4676,0000	-500,0000
4677,0000	-500,0000
4678,0000	-500,0000
4679,0000	-500,0000
4680,0000	-500,0000
4681,0000	-500,0000
4682,0000	-500,0000
4683,0000	-500,0000
4684,0000	-500,0000
4685,0000	-500,0000
4686,0000	-500,0000
4687,0000	-500,0000
4688,0000	-500,0000
4689,0000	-500,0000
4690,0000	-500,0000
4691,0000	-500,0000
4692,0000	-500,0000
4693,0000	-500,0000
4694,0000	-500,0000
4695,0000	-500,0000
4696,0000	-500,0000
4697,0000	-500,0000
4698,0000	-500,0000
4699,0000	-500,0000
4700,0000	-500,0000
4701,0000	-500,0000
4702,0000	-500,0000
4703,0000	-500,0000
4704,0000	-500,0000
4705,0000	-500,0000
4706,0000	-500,0000
4707,0000	-500,0000
4708,0000	-500,0000
4709,0000	-500,0000
4710,0000	-500,0000
4711,0000	-500,0000
4712,0000	-500,0000
4713,0000	-500,0000
4714,0000	-500,0000
4715,0000	-500,0000
4716,0000	-500,0000
4717,0000	-500,0000
4718,0000	-500,0000
4719,0000	-500,0000
4720,0000	-500,0000
4721,0000	-500,0000
4722,0000	-500,0000
4723,0000	-500,0000
4724,0000	-500,0000
4725,0000	-500,0000
4726,0000	-500,0000
4727,0000	-500,0000
4728,0000	-500,0000
4729,0000	-500,0000
4730,0000	-500,0000
4731,0000	-500,0000
4732,0000	-500,0000
4733,0000	-500,0000
4734,0000	-500,0000
4735,0000	-500,0000
4736,0000	-500,0000
4737,0000	-500,0000
4738,0000	-500,0000
4739,0000	-500,0000
4740,0000	-500,0000
4741,0000	-500,0000
4742,0000	-500,0000
4743,0000	-500,0000
4744,0000	-500,0000
4745,0000	-500,0000
4746,0000	-500,0000
4747,0000	-500,0000
4748,0000	-500,0000
4749,0000	-500,0000
4750,0000	-500,0000
4751,0000	-500,0000
4752,0000	-500,0000
4753,0000	-500,0000
4754,0000	-500,0000
4755,0000	-500,0000
4756,0000	-500,0000
4757,0000	-500,0000
4758,0000	-500,0000
4759,0000	-500,0000
4760,0000	-500,0000
4761,0000	-500,0000
4762,0000	-500,0000
4763,0000	-500,0000
4764,0000	-500,0000
4765,0000	-500,0000
4766,0000	-500,0000
4767,0000	-500,0000
4768,0000	-500,0000
4769,0000	-500,0000
4770,0000	-500,0000
4771,0000	-500,0000
4772,0000	-500,0000
4773,0000	-500,0000
4774,0000	-500,0000
4775,0000	-500,0000
4776,0000	-500,0000
4777,0000	-500,0000
4778,0000	-500,0000
4779,0000	-500,0000
4780,0000	-500,0000
4781,0000	-500,0000
4782,0000	-500,0000
4783,0000	-500,0000
4784,0000	-500,0000
4785,0000	-500,0000
4786,0000	-500,0000
4787,0000	-500,0000
4788,0000	-500,0000
4789,0000	-500,0000
4790,0000	-500,0000
4791,0000	-500,0000
4792,0000	-500,0000
4793,0000	-500,0000
4794,0000	-500,0000
4795,0000	-500,0000
4796,0000	-500,0000
4797,0000	-500,0000
4798,0000	-500,0000
4799,0000	-500,0000
4800,0000	-500,0000
4801,0000	-500,0000
4802,0000	-500,0000
4803,0000	-500,0000
4804,0000	-500,0000
4805,0000	-500,0000
4806,0000	-500,0000
4807,0000	-500,0000
4808,0000	-500,0000
4809,0000	-500,0000
4810,0000	-500,0000
4811,0000	-500,0000
4812,0000	-500,0000
4813,0000	-500,0000
4814,0000	-500,0000
4815,0000	-500,0000
4816,0000	-500,0000
4817,0000	-500,0000
4818,0000	-500,0000
4819,0000	-500,0000
4820,0000	-500,0000
4821,0000	-500,0000
4822,0000	-500,0000
4823,0000	-500,0000
4824,0000	-500,0000
4825,0000	-500,0000
4826,0000	-500,0000
4827,0000	-500,0000
4828,0000	-500,0000
4829,0000	-500,0000
4830,0000	-500,0000
4831,0000	-500,0000
4832,0000	-500,0000
4833,0000	-500,0000
4834,0000	-500,0000
4835,0000	-500,0000
4836,0000	-500,0000
4837,0000	-500,0000
4838,0000	-500,0000
4839,0000	-500,0000
4840,0000	-500,0000
4841,0000	-500,0000
4842,0000	-500,0000
4843,0000	-500,0000
4844,0000	-500,0000
4845,0000	-500,0000
4846,0000	-500,0000
4847,0000	-500,0000
4848,0000	-500,0000
4849,0000	-500,0000
4850,0000	-500,0000
4851,0000	-500,0000
4852,0000	-500,0000
4853,0000	-500,0000
4854,0000	-500,0000
4855,0000	-500,0000
4856,0000	-500,0000
4857,0000	-500,0000
4858,0000	-500,0000
4859,0000	-500,0000
4860,0000	-500,0000
4861,0000	-500,0000
4862,0000	-500,0000
4863,0000	-500,0000
4864,0000	-500,0000
4865,0000	-500,0000
4866,0000	-500,0000
4867,0000	-500,0000
4868,0000	-500,0000
4869,0000	-500,0000
4870,0000	-500,0000
4871,0000	-500,0000
4872,0000	-500,0000
4873,0000	-500,0000
4874,0000	-500,0000
4875,0000	-500,0000
4876,0000	-500,0000
4877,0000	-500,0000
4878,0000	-500,0000
4879,0000	-500,0000
4880,0000	-500,0000
4881,0000	-500,0000
4882,0000	-500,0000
4883,0000	-500,0000
4884,0000	-500,0000
4885,0000	-500,0000
4886,0000	-500,0000
4887,0000	-500,0000
4888,0000	-500,0000
4889,0000	-500,0000
4890,0000	-500,0000
4891,0000	-500,0000
4892,0000	-500,0000
4893,0000	-500,0000
4894,0000	-500,0000
4895,0000	-500,0000
4896,0000	-500,0000
4897,0000	-500,0000
4898,0000	-500,0000
4899,0000	-500,0000
4900,0000	-500,0000
4901,0000	-500,0000
4902,0000	-500,0000
4903,0000	-500,0000
4904,0000	-500,0000
4905,0000	-500,0000
4906,0000	-500,0000
4907,0000	-500,0000
4908,0000	-500,0000
4909,0000	-500,0000
4910,0000	-500,0000
4911,0000	-500,0000
4912,0000	-500,0000
4913,0000	-500,0000
4914,0000	-500,0000
4915,0000	-500,0000
4916,0000	-500,0000
4917,0000	-500,0000
4918,0000	-500,0000
4919,0000	-500,0000
4920,0000	-500,0000
4921,0000	-500,0000
4922,0000	-500,0000
4923,0000	-500,0000
4924,0000	-500,0000
4925,0000	-500,0000
4926,0000	-500,0000
4927,0000	-500,0000
4928,0000	-500,0000
4929,0000	-500,0000
4930,0000	-500,0000
4931,0000	-500,0000
4932,0000	-500,0000
4933,0000	-500,0000
4934,0000	-500,0000
4935,0000	-500,0000
4936,0000	-500,0000
4937,0000	-500,0000
4938,0000	-500,0000
4939,0000	-500,0000
4940,0000	-500,0000
4941,0000	-500,0000
4942,0000	-500,0000
4943,0000	-500,0000
4944,0000	-500,0000
4945,0000	-500,0000
4946,0000	-500,0000
4947,0000	-500,0000
4948,0000	-500,0000
4949,0000	-500,0000
4950,0000	-500,0000
4951,0000	-500,0000
4952,0000	-500,0000
4953,0000	-500,0000
4954,0000	-500,0000
4955,0000	-500,0000
4956,0000	-500,0000
4957,0000	-500,0000
4958,0000	-500,0000
4959,0000	-500,0000
4960,0000	-500,0000
4961,0000	-500,0000
4962,0000	-500,0000
4963,0000	-500,0000
4964,0000	-500,0000
4965,0000	-500,0000
4966,0000	-500,0000
4967,0000	-500,0000
4968,0000	-500,0000
4969,0000	-500,0000
4970,0000	-500,0000
4971,0000	-500,0000
4972,0000	-500,0000
4973,0000	-500,0000
4974,0000	-500,0000
4975,0000	-500,0000
4976,0000	-500,0000
4977,0000	-500,0000
4978,0000	-500,0000
4979,0000	-500,0000
4980,0000	-500,0000
4981,0000	-500,0000
4982,0000	-500,0000
4983,0000	-500,0000
4984,0000	-500,0000
4985,0000	-500,0000
4986,0000	-500,0000
4987,0000	-500,0000
4988,0000	-500,0000
4989,0000	-500,0000
4990,0000	-500,0000
4991,0000	-500,0000
4992,0000	-500,0000
4993,0000	-500,0000
4994,0000	-500,0000
4995,0000	-500,0000
4996,0000	-500,0000
4997,0000	-500,0000
4998,0000	-500,0000
4999,0000	-500,0000
5000,0000	-500,0000
5001,0000	-500,0000
5002,0000	-500,0000
5003,0000	-500,0000
5004,0000	-500,0000
5005,0000	-500,0000
5006,0000	-500,0000
5007,0000	-500,0000
5008,0000	-500,0000
5009,0000	-500,0000
5010,0000	-500,0000
5011,0000	-500,0000
5012,0000	-500,0000
5013,0000	-500,0000
5014,0000	-500,0000
5015,0000	-500,0000
5016,0000	-500,0000
5017,0000	-500,0000
5018,0000	-500,0000
5019,0000	-500,0000
5020,0000	-500,0000
5021,0000	-500,0000
5022,0000	-500,0000
5023,0000	-500,0000
5024,0000	-500,0000
5025,0000	-500,0000
5026,0000	-500,0000
5027,0000	-500,0000
5028,0000	-500,0000
5029,0000	-500,0000
5030,0000	-500,0000
5031,0000	-500,0000
5032,0000	-500,0000
5033,0000	-500,0000
5034,0000	-500,0000
5035,0000	-500,0000
5036,0000	-500,0000
5037,0000	-500,0000
5038,0000	-500,0000
5039,0000	-500,0000
5040,0000	-500,0000
5041,0000	-500,0000
5042,0000	-500,0000
5043,0000	-500,0000
5044,0000	-500,0000
5045,0000	-500,0000
5046,0000	-500,0000
5047,0000	-500,0000
5048,0000	-500,0000
5049,0000	-500,0000
5050,0000	-500,0000
5051,0000	-500,0000
5052,0000	-500,0000
5053,0000	-500,0000
5054,0000	-500,0000
5055,0000	-500,0000
5056,0000	-500,0000
5057,0000	-500,0000
5058,0000	-500,0000
5059,0000	-500,0000
5060,0000	-500,0000
5061,0000	-500,0000
5062,0000	-500,0000
5063,0000	-500,0000
5064,0000	-500,0000
5065,0000	-500,0000
5066,0000	-500,0000
5067,0000	-500,0000
5068,0000	-500,0000
5069,0000	-500,0000
5070,0000	-500,0000
5071,0000	-500,0000
5072,0000	-500,0000
5073,0000	-500,0000
5074,0000	-500,0000
5075,0000	-500,0000
5076,0000	-500,0000
5077,0000	-500,0000
5078,0000	-500,0000
5079,0000	-500,0000
5080,0000	-500,0000
5081,0000	-500,0000
5082,0000	-500,0000
5083,0000	-500,0000
5084,0000	-500,0000
5085,0000	-500,0000
5086,0000	-500,0000
5087,0000	-500,0000
5088,0000	-500,0000
5089,0000	-500,0000
5090,0000	-500,0000
5091,0000	-500,0000
5092,0000	-500,0000
5093,0000	-500,0000
5094,0000	-500,0000
5095,0000	-500,0000
5096,0000	-500,0000
5097,0000	-500,0000
5098,0000	-500,0000
5099,0000	-500,0000
5100,0000	-500,0000
5101,0000	-500,0000
5102,0000	-500,0000
5103,0000	-500,0000
5104,0000	-500,0000
5105,0000	-500,0000
5106,0000	-500,0000
5107,0000	-500,0000
5108,0000	-500,0000
5109,0000	-500,0000
5110,0000	-500,0000
5111,0000	-500,0000
5112,0000	-500,0000
5113,0000	-500,0000
5114,0000	-500,0000
5115,0000	-500,0000
5116,0000	-500,0000
5117,0000	-500,0000
5118,0000	-500,0000
5119,0000	-500,0000
5120,0000	-500,0000
5121,0000	-500,0000
5122,0000	-500,0000
5123,0000	-500,0000
5124,0000	-500,0000
5125,0000	-500,0000
5126,0000	-500,0000
5127,0000	-500,0000
5128,0000	-500,0000
5129,0000	-500,0000
5130,0000	-500,0000
5131,0000	-500,0000
5132,0000	-500,0000
5133,0000	-500,0000
5134,0000	-500,0000
5135,0000	-500,0000
5136,0000	-500,0000
5137,0000	-500,0000
5138,0000	-500,0000
5139,0000	-500,0000
5140,0000	-500,0000
5141,0000	-500,0000
5142,0000	-500,0000
5143,0000	-500,0000
5144,0000	-500,0000
5145,0000	-500,0000
5146,0000	-500,0000
5147,0000	-500,0000
5148,0000	-500,0000
5149,0000	-500,0000
5150,0000	-500,0000
5151,0000	-500,0000
5152,0000	-500,0000
5153,0000	-500,0000
5154,0000	-500,0000
5155,0000	-500,0000
5156,0000	-500,0000
5157,0000	-500,0000
5158,0000	-500,0000
5159,0000	-500,0000
5160,0000	-500,0000
5161,0000	-500,0000
5162,0000	-500,0000
5163,0000	-500,0000
5164,0000	-500,0000
5165,0000	-500,0000
5166,0000	-500,0000
5167,0000	-500,0000
5168,0000	-500,0000
5169,0000	-500,0000
5170,0000	-500,0000
5171,0000	-500,0000
5172,0000	-500,0000
5173,0000	-500,0000
5174,0000	-500,0000
5175,0000	-500,0000
5176,0000	-500,0000
5177,0000	-500,0000
5178,0000	-500,0000
5179,0000	-500,0000
5180,0000	-500,0000
5181,0000	-500,0000
5182,0000	-500,0000
5183,0000	-500,0000
5184,0000	-500,0000
5185,0000	-500,0000
5186,0000	-500,0000
5187,0000	-500,0000
5188,0000	-500,0000
5189,0000	-500,0000
5190,0000	-500,0000
5191,0000	-500,0000
5192,0000	-500,0000
5193,0000	-500,0000
5194,0000	-500,0000
5195,0000	-500,0000
5196,0000	-500,0000
5197,0000	-500,0000
5198,0000	-500,0000
5199,0000	-500,0000
5200,0000	-500,0000
5201,0000	-500,0000
5202,0000	-500,0000
5203,0000	-500,0000
5204,0000	-500,0000
5205,0000	-500,0000
5206,0000	-500,0000
5207,0000	-500,0000
5208,0000	-500,0000
5209,0000	-500,0000
5210,0000	-500,0000
5211,0000	-500,0000
5212,0000	-500,0000
5213,0000	-500,0000
5214,0000	-500,0000
5215,0000	-500,0000
5216,0000	-500,0000
5217,0000	-500,0000
5218,0000	-500,0000
5219,0000	-500,0000
5220,0000	-500,0000
5221,0000	-500,0000
5222,0000	-500,0000
5223,0000	-500,0000
5224,0000	-500,0000
5225,0000	-500,0000
5226,0000	-500,0000
5227,0000	-500,0000
5228,0000	-500,0000
5229,0000	-500,0000
5230,0000	-500,0000
5231,0000	-500,0000
5232,0000	-500,0000
5233,0000	-500,0000
5234,0000	-500,0000
5235,0000	-500,0000
5236,0000	-500,0000
5237,0000	-500,0000
5238,0000	-500,0000
5239,0000	-500,0000
5240,0000	-500,0000
5241,0000	-500,0000
5242,0000	-500,0000
5243,0000	-500,0000
5244,0000	-500,0000
5245,0000	-500,0000
5246,0000	-500,0000
5247,0000	-500,0000
5248,0000	-500,0000
5249,0000	-500,0000
5250,0000	-500,0000
5251,0000	-500,0000
5252,0000	-500,0000
5253,0000	-500,0000
5254,0000	-500,0000
5255,0000	-500,0000
5256,0000	-500,0000
5257,0000	-500,0000
5258,0000	-500,0000
5259,0000	-500,0000
5260,0000	-500,0000
5261,0000	-500,0000
5262,0000	-500,0000
5263,0000	-500,0000
5264,0000	-500,0000
5265,0000	-500,0000
5266,0000	-500,0000
5267,0000	-500,0000
5268,0000	-500,0000
5269,0000	-500,0000
5270,0000	-500,0000
5271,0000	-500,0000
5272,0000	-500,0000
5273,0000	-500,0000
5274,0000	-500,0000
5275,0000	-500,0000
5276,0000	-500,0000
5277,0000	-500,0000
5278,0000	-500,0000
5279,0000	-500,0000
5280,0000	-500,0000
5281,0000	-500,0000
5282,0000	-500,0000
5283,0000	-500,0000
5284,0000	-500,0000
5285,0000	-500,0000
5286,0000	-500,0000
5287,0000	-500,0000
5288,0000	-500,0000
5289,0000	-500,0000
5290,0000	-500,0000
5291,0000	-500,0000
5292,0000	-500,0000
5293,0000	-500,0000
5294,0000	-500,0000
5295,0000	-500,0000
5296,0000	-500,0000
5297,0000	-500,0000
5298,0000	-500,0000
5299,0000	-500,0000
5300,0000	-500,0000
5301,0000	-500,0000
5302,0000	-500,0000
5303,0000	-500,0000
5304,0000	-500,0000
5305,0000	-500,0000
5306,0000	-500,0000
5307,0000	-500,0000
5308,0000	-500,0000
5309,0000	-500,0000
5310,0000	-500,0000
5311,0000	-500,0000
5312,0000	-500,0000
5313,0000	-500,0000
5314,0000	-500,0000
5315,0000	-500,0000
5316,0000	-500,0000
5317,0000	-500,0000
5318,0000	-500,0000
5319,0000	-500,0000
5320,0000	-500,0000
5321,0000	-500,0000
5322,0000	-500,0000
5323,0000	-500,0000
5324,0000	-500,0000
5325,0000	-500,0000
5326,0000	-500,0000
5327,0000	-500,0000
5328,0000	-500,0000
5329,0000	-500,0000
5330,0000	-500,0000
5331,0000	-500,0000
5332,0000	-500,0000
5333,0000	-500,0000
5334,0000	-500,0000
5335,0000	-500,0000
5336,0000	-500,0000
5337,0000	-500,0000
5338,0000	-500,0000
5339,0000	-500,0000
5340,0000	-500,0000
5341,0000	-500,0000
5342,0000	-500,0000
5343,0000	-500,0000
5344,0000	-500,0000
5345,0000	-500,0000
5346,0000	-500,0000
5347,0000	-500,0000
5348,0000	-500,0000
5349,0000	-500,0000
5350,0000	-500,0000
5351,0000	-500,0000
5352,0000	-500,0000
5353,0000	-500,0000
5354,0000	-500,0000
5355,0000	-500,0000
5356,0000	-500,0000
5357,0000	-500,0000
5358,0000	-500,0000
5359,0000	-500,0000
5360,0000	-500,0000
5361,0000	-500,0000
5362,0000	-500,0000
5363,0000	-500,0000
5364,0000	-500,0000
5365,0000	-500,0000
5366,0000	-500,0000
5367,0000	-500,0000
5368,0000	-500,0000
5369,0000	-500,0000
5370,0000	-500,0000
5371,0000	-500,0000
5372,0000	-500,0000
5373,0000	-500,0000
5374,0000	-500,0000
5375,0000	-500,0000
5376,0000	-500,0000
5377,0000	-500,0000
5378,0000	-500,0000
5379,0000	-500,0000
5380,0000	-500,0000
5381,0000	-500,0000
5382,0000	-500,0000
5383,0000	-500,0000
5384,0000	-500,0000
5385,0000	-500,0000
5386,0000	-500,0000
5387,0000	-500,0000
5388,0000	-500,0000
5389,0000	-500,0000
5390,0000	-500,0000
5391,0000	-500,0000
5392,0000	-500,0000
5393,0000	-500,0000
5394,0000	-500,0000
5395,0000	-500,0000
5396,0000	-500,0000
5397,0000	-500,0000
5398,0000	-500,0000
5399,0000	-500,0000
5400,0000	-500,0000
5401,0000	-500,0000
5402,0000	-500,0000
5403,0000	-500,0000
5404,0000	-500,0000
5405,0000	-500,0000
5406,0000	-500,0000
5407,0000	-500,0000
5408,0000	-500,0000
5409,0000	-500,0000
5410,0000	-500,0000
5411,0000	-500,0000
5412,0000	-500,0000
5413,0000	-500,0000
5414,0000	-500,0000
5415,0000	-500,0000
5416,0000	-500,0000
5417,0000	-500,0000
5418,0000	-500,0000
5419,0000	-500,0000
5420,0000	-500,0000
5421,0000	-500,0000
5422,0000	-500,0000
5423,0000	-500,0000
5424,0000	-500,0000
5425,0000	-500,0000
5426,0000	-500,0000
5427,0000	-500,0000
5428,0000	-500,0000
5429,0000	-500,0000
5430,0000	-500,0000
5431,0000	-500,0000
5432,0000	-500,0000
5433,0000	-500,0000
5434,0000	-500,0000
5435,0000	-500,0000
5436,0000	-500,0000
5437,0000	-500,0000
5438,0000	-500,0000
5439,0000	-500,0000
5440,0000	-500,0000
5441,0000	-500,0000
5442,0000	-500,0000
5443,0000	-500,0000
5444,0000	-500,0000
5445,0000	-500,0000
5446,0000	-500,0000
5447,0000	-500,0000
5448,0000	-500,0000
5449,0000	-500,0000
5450,0000	-500,0000
5451,0000	-500,0000
5452,0000	-500,0000
5453,0000	-500,0000
5454,0000	-500,0000
5455,0000	-500,0000
5456,0000	-500,0000
5457,0000	-500,0000
5458,0000	-500,0000
5459,0000	-500,0000
5460,0000	-500,0000
5461,0000	-500,0000
5462,0000	-500,0000
5463,0000	-500,0000
5464,0000	-500,0000
5465,0000	-500,0000
5466,0000	-500,0000
5467,0000	-500,0000
5468,0000	-500,0000
5469,0000	-500,0000
5470,0000	-500,0000
5471,0000	-500,0000
5472,0000	-500,0000
5473,0000	-500,0000
5474,0000	-500,0000
5475,0000	-500,0000
5476,0000	-500,0000
5477,0000	-500,0000
5478,0000	-500,0000
5479,0000	-500,0000
5480,0000	-500,0000
5481,0000	-500,0000
5482,0000	-500,0000
5483,0000	-500,0000
5484,0000	-500,0000
5485,0000	-500,0000
5486,0000	-500,0000
5487,0000	-500,0000
5488,0000	-500,0000
5489,0000	-500,0000
5490,0000	-500,0000
5491,0000	-500,0000
5492,0000	-500,0000
5493,0000	-500,0000
5494,0000	-500,0000
5495,0000	-500,0000
5496,0000	-500,0000
5497,0000	-500,0000
5498,0000	-500,0000
5499,0000	-500,0000
5500,0000	-500,0000
5501,0000	-500,0000
5502,0000	-500,0000
5503,0000	-500,0000
5504,0000	-500,0000
5505,0000	-500,0000
5506,0000	-500,0000
5507,0000	-500,0000
5508,0000	-500,0000
5509,0000	-500,0000
5510,0000	-500,0000
5511,0000	-500,0000
5512,0000	-500,0000
5513,0000	-500,0000
5514,0000	-500,0000
5515,0000	-500,0000
5516,0000	-500,0000
5517,0000	-500,0000
5518,0000	-500,0000
5519,0000	-500,0000
5520,0000	-500,0000
5521,0000	-500,0000
5522,0000	-500,0000
5523,0000	-500,0000
5524,0000	-500,0000
5525,0000	-500,0000
5526,0000	-500,0000
5527,0000	-500,0000
5528,0000	-500,0000
5529,0000	-500,0000
5530,0000	-500,0000
5531,0000	-500,0000
5532,0000	-500,0000
5533,0000	-500,0000
5534,0000	-500,0000
5535,0000	-500,0000
5536,0000	-500,0000
5537,0000	-500,0000
5538,0000	-500,0000
5539,0000	-500,0000
5540,0000	-500,0000
5541,0000	-500,0000
5542,0000	-500,0000
5543,0000	-500,0000
5544,0000	-500,0000
5545,0000	-500,0000
5546,0000	-500,0000
5547,0000	-500,0000
5548,0000	-500,0000
5549,0000	-500,0000
5550,0000	-500,0000
5551,0000	-500,0000
5552,0000	-500,0000
5553,0000	-500,0000
5554,0000	-500,0000
5555,0000	-500,0000
5556,0000	-500,0000
5557,0000	-500,0000
5558,0000	-500,0000
5559,0000	-500,0000
5560,0000	-500,0000
5561,0000	-500,0000
5562,0000	-500,0000
5563,0000	-500,0000
5564,0000	-500,0000
5565,0000	-500,0000
5566,0000	-500,0000
5567,0000	-500,0000
5568,0000	-500,0000
5569,0000	-500,0000
5570,0000	-500,0000
5571,0000	-500,0000
5572,0000	-500,0000
5573,0000	-500,0000
5574,0000	-500,0000
5575,0000	-500,0000
5576,0000	-500,0000
5577,0000	-500,0000
5578,0000	-500,0000
5579,0000	-500,0000
5580,0000	-500,0000
5581,0000	-500,0000
5582,0000	-500,0000
5583,0000	-500,0000
5584,0000	-500,0000
5585,0000	-500,0000
5586,0000	-500,0000
5587,0000	-500,0000
5588,0000	-500,0000
5589,0000	-500,0000
5590,0000	-500,0000
5591,0000	-500,0000
5592,0000	-500,0000
5593,0000	-500,0000
5594,0000	-500,0000
5595,0000	-500,0000
5596,0000	-500,0000
5597,0000	-500,0000
5598,0000	-500,0000
5599,0000	-500,0000
5600,0000	-500,0000
5601,0000	-500,0000
5602,0000	-500,0000
5603,0000	-500,0000
5604,0000	-500,0000
5605,0000	-500,0000
5606,0000	-500,0000
5607,0000	-500,0000
5608,0000	-500,0000
5609,0000	-500,0000
5610,0000	-500,0000
5611,0000	-500,0000
5612,0000	-500,0000
5613,0000	-500,0000
5614,0000	-500,0000
5615,0000	-500,0000
5616,0000	-500,0000
5617,0000	-500,0000
5618,0000	-500,0000
5619,0000	-500,0000
5620,0000	-500,0000
5621,0000	-500,0000
5622,0000	-500,0000
5623,0000	-500,0000
5624,0000	-500,0000
5625,0000	-500,0000
5626,0000	-500,0000
5627,0000	-500,0000
5628,0000	-500,0000
5629,0000	-500,0000
5630,0000	-500,0000
5631,0000	-500,0000
5632,0000	-500,0000
5633,0000	-500,0000
5634,0000	-500,0000
5635,0000	-500,0000
5636,0000	-500,0000
5637,0000	-500,0000
5638,0000	-500,0000
5639,0000	-500,0000
5640,0000	-500,0000
5641,0000	-500,0000
5642,0000	-500,0000
5643,0000	-500,0000
5644,0000	-500,0000
5645,0000	-500,0000
5646,0000	-500,0000
5647,0000	-500,0000
5648,0000	-500,0000
5649,0000	-500,0000
5650,0000	-500,0000
5651,0000	-500,0000
5652,0000	-500,0000
5653,0000	-500,0000
5654,0000	-500,0000
5655,0000	-500,0000
5656,0000	-500,0000
5657,0000	-500,0000
5658,0000	-500,0000
5659,0000	-500,0000
5660,0000	-500,0000
5661,0000	-500,0000
5662,0000	-500,0000
5663,0000	-500,0000
5664,0000	-500,0000
5665,0000	-500,0000
5666,0000	-500,0000
5667,0000	-500,0000
5668,0000	-500,0000
5669,0000	-500,0000
5670,0000	-500,0000
5671,0000	-500,0000
5672,0000	-500,0000
5673,0000	-500,0000
5674,0000	-500,0000
5675,0000	-500,0000
5676,0000	-500,0000
5677,0000	-500,0000
5678,0000	-500,0000
5679,0000	-500,0000
5680,0000	-500,0000
5681,0000	-500,0000
5682,0000	-500,0000
5683,0000	-500,0000
5684,0000	-500,0000
5685,0000	-500,0000
5686,0000	-500,0000
5687,0000	-500,0000
5688,0000	-500,0000
5689,0000	-500,0000
5690,0000	-500,0000
5691,0000	-500,0000
5692,0000	-500,0000
5693,0000	-500,0000
5694,0000	-500,0000
5695,0000	-500,0000
5696,0000	-500,0000
5697,0000	-500,0000
5698,0000	-500,0000
5699,0000	-500,0000
5700,0000	-500,0000
5701,0000	-500,0000
5702,0000	-500,0000
5703,0000	-500,0000
5704,0000	-500,0000
5705,0000	-500,0000
5706,0000	-500,0000
5707,0000	-500,0000
5708,0000	-500,0000
5709,0000	-500,0000
5710,0000	-500,0000
5711,0000	-500,0000
5712,0000	-500,0000
5713,0000	-500,0000
5714,0000	-500,0000
5715,0000	-500,0000
5716,0000	-500,0000
5717,0000	-500,0000
5718,0000	-500,0000
5719,0000	-500,0000
5720,0000	-500,0000
5721,0000	-500,0000
5722,0000	-500,0000
5723,0000	-500,0000
5724,0000	-500,0000
5725,0000	-500,0000
5726,0000	-500,0000
5727,0000	-500,0000
5728,0000	-500,0000
5729,0000	-500,0000
5730,0000	-500,0000
5731,0000	-500,0000
5732,0000	-500,0000
5733,0000	-500,0000
5734,0000	-500,0000
5735,0000	-500,0000
5736,0000	-500,0000
5737,0000	-500,0000
5738,0000	-500,0000
5739,0000	-500,0000
5740,0000	-500,0000
5741,0000	-500,0000
5742,0000	-500,0000
5743,0000	-500,0000
5744,0000	-500,0000
5745,0000	-500,0000
5746,0000	-500,0000
5747,0000	-500,0000
5748,0000	-500,0000
5749,0000	-500,0000
5750,0000	-500,0000
5751,0000	-500,0000
5752,0000	-500,0000
5753,0000	-500,0000
5754,0000	-500,0000
5755,0000	-500,0000
5756,0000	-500,0000
5757,0000	-500,0000
5758,0000	-500,0000
5759,0000	-500,0000
5760,0000	-500,0000
5761,0000	-500,0000
5762,0000	-500,0000
5763,0000	-500,0000
5764,0000	-500,0000
5765,0000	-500,0000
5766,0000	-500,0000
5767,0000	-500,0000
5768,0000	-500,0000
5769,0000	-500,0000
5770,0000	-500,0000
5771,0000	-500,0000
5772,0000	-500,0000
5773,0000	-500,0000
5774,0000	-500,0000
5775,0000	-500,0000
5776,0000	-500,0000
5777,0000	-500,0000
5778,0000	-500,0000
5779,0000	-500,0000
5780,0000	-500,0000
5781,0000	-500,0000
5782,0000	-500,0000
5783,0000	-500,0000
5784,0000	-500,0000
5785,0000	-500,0000
5786,0000	-500,0000
5787,0000	-500,0000
5788,0000	-500,0000
5789,0000	-500,0000
5790,0000	-500,0000
5791,0000	-500,0000
5792,0000	-500,0000
5793,0000	-500,0000
5794,0000	-500,0000
5795,0000	-500,0000
5796,0000	-500,0000
5797,0000	-500,0000
5798,0000	-500,0000
5799,0000	-500,0000
5800,0000	-500,0000
5801,0000	-500,0000
5802,0000	-500,0000
5803,0000	-500,0000
5804,0000	-500,0000
5805,0000	-500,0000
5806,0000	-500,0000
5807,0000	-500,0000
5808,0000	-500,0000
5809,0000	-500,0000
5810,0000	-500,0000
5811,0000	-500,0000
5812,0000	-500,0000
5813,0000	-500,0000
5814,0000	-500,0000
5815,0000	-500,0000
5816,0000	-500,0000
5817,0000	-500,0000
5818,0000	-500,0000
5819,0000	-500,0000
5820,0000	-500,0000
5821,0000	-500,0000
5822,0000	-500,0000
5823,0000	-500,0000
5824,0000	-500,0000
5825,0000	-500,0000
5826,0000	-500,0000
5827,0000	-500,0000
5828,0000	-500,0000
5829,0000	-500,0000
5830,0000	-500,0000
5831,0000	-500,0000
5832,0000	-500,0000
5833,0000	-500,0000
5834,0000	-500,0000
5835,0000	-500,0000
5836,0000	-500,0000
5837,0000	-500,0000
5838,0000	-500,0000
5839,0000	-500,0000
5840,0000	-500,0000
5841,0000	-500,0000
5842,0000	-500,0000
5843,0000	-500,0000
5844,0000	-500,0000
5845,0000	-500,0000
5846,0000	-500,0000
5847,0000	-500,0000
5848,0000	-500,0000
5849,0000	-500,0000
5850,0000	-500,0000
5851,0000	-500,0000
5852,0000	-500,0000
5853,0000	-500,0000
5854,0000	-500,0000
5855,0000	-500,0000
5856,0000	-500,0000
5857,0000	-500,0000
5858,0000	-500,0000
5859,0000	-500,0000
5860,0000	-500,0000
5861,0000	-500,0000
5862,0000	-500,0000
5863,0000	-500,0000
5864,0000	-500,0000
5865,0000	-500,0000
5866,0000	-500,0000
5867,0000	-500,0000
5868,0000	-500,0000
5869,0000	-500,0000
5870,0000	-500,0000
5871,0000	-500,0000
5872,0000	-500,0000
5873,0000	-500,0000
5874,0000	-500,0000
5875,0000	-500,0000
5876,0000	-500,0000
5877,0000	-500,0000
5878,0000	-500,0000
5879,0000	-500,0000
5880,0000	-500,0000
5881,0000	-500,0000
5882,0000	-500,0000
5883,0000	-500,0000
5884,0000	-500,0000
5885,0000	-500,0000
5886,0000	-500,0000
5887,0000	-500,0000
5888,0000	-500,0000
5889,0000	-500,0000
5890,0000	-500,0000
5891,0000	-500,0000
5892,0000	-500,0000
5893,0000	-500,0000
5894,0000	-500,0000
5895,0000	-500,0000
5896,0000	-500,0000
5897,0000	-500,0000
5898,0000	-500,0000
5899,0000	-500,0000
5900,0000	-500,0000
5901,0000	-500,0000
5902,0000	-500,0000
5903,0000	-500,0000
5904,0000	-500,0000
5905,0000	-500,0000
5906,0000	-500,0000
5907,0000	-500,0000
5908,0000	-500,0000
5909,0000	-500,0000
5910,0000	-500,0000
5911,0000	-500,0000
5912,0000	-500,0000
5913,0000	-500,0000
5914,0000	-500,0000
5915,0000	-500,0000
5916,0000	-500,0000
5917,0000	-500,0000
5918,0000	-500,0000
5919,0000	-500,0000
5920,0000	-500,0000
5921,0000	-500,0000
5922,0000	-500,0000
5923,0000	-500,0000
5924,0000	-500,0000
5925,0000	-500,0000
5926,0000	-500,0000
5927,0000	-500,0000
5928,0000	-500,0000
5929,0000	-500,0000
5930,0000	-500,0000
5931,0000	-500,0000
5932,0000	-500,0000
5933,0000	-500,0000
5934,0000	-500,0000
5935,0000	-500,0000
5936,0000	-500,0000
5937,0000	-500,0000
5938,0000	-500,0000
5939,0000	-500,0000
5940,0000	-500,0000
5941,0000	-500,0000
5942,0000	-500,0000
5943,0000	-500,0000
5944,0000	-500,0000
5945,0000	-500,0000
5946,0000	-500,0000
5947,0000	-500,0000
5948,0000	-500,0000
5949,0000	-500,0000
5950,0000	-500,0000
5951,0000	-500,0000
5952,0000	-500,0000
5953,0000	-500,0000
5954,0000	-500,0000
5955,0000	-500,0000
5956,0000	-500,0000
5957,0000	-500,0000
5958,0000	-500,0000
5959,0000	-500,0000
5960,0000	-500,0000
5961,0000	-500,0000
5962,0000	-500,0000
5963,0000	-500,0000
5964,0000	-500,0000
5965,0000	-500,0000
5966,0000	-500,0000
5967,0000	-500,0000
5968,0000	-500,0000
5969,0000	-500,0000
5970,0000	-500,0000
5971,0000	-500,0000
5972,0000	-500,0000
5973,0000	-500,0000
5974,0000	-500,0000
5975,0000	-500,0000
5976,0000	-500,0000
5977,0000	-500,0000
5978,0000	-500,0000
5979,0000	-500,0000
5980,0000	-500,0000
5981,0000	-500,0000
5982,0000	-500,0000
5983,0000	-500,0000
5984,0000	-500,0000
5985,0000	-500,0000
5986,0000	-500,0000
5987,0000	-500,0000
5988,0000	-500,0000
5989,0000	-500,0000
5990,0000	-500,0000
5991,0000	-500,0000
5992,0000	-500,0000
5993,0000	-500,0000
5994,0000	-500,0000
5995,0000	-500,0000
5996,0000	-500,0000
5997,0000	-500,0000
5998,0000	-500,0000
5999,0000	-500,0000
6000,0000	-500,0000
6001,0000	-500,0000
6002,0000	-500,0000
6003,0000	-500,0000
6004,0000	-500,0000
6005,0000	-500,0000
6006,0000	-500,0000
6007,0000	-500,0000
6008,0000	-500,0000
6009,0000	-500,0000
6010,0000	-500,0000
6011,0000	-500,0000
6012,0000	-500,0000
6013,0000	-500,0000
6014,0000	-500,0000
6015,0000	-500,0000
6016,0000	-500,0000
6017,0000	-500,0000
6018,0000	-500,0000
6019,0000	-500,0000
6020,0000	-500,0000
6021,0000	-500,0000
6022,0000	-500,0000
6023,0000	-500,0000
6024,0000	-500,0000
6025,0000	-500,0000
6026,0000	-500,0000
6027,0000	-500,0000
6028,0000	-500,0000
6029,0000	-500,0000
6030,0000	-500,0000
6031,0000	-500,0000
6032,0000	-500,0000
6033,0000	-500,0000
6034,0000	-500,0000
6035,0000	-500,0000
6036,0000	-500,0000
6037,0000	-500,0000
6038,0000	-500,0000
6039,0000	-500,0000
6040,0000	-500,0000
6041,0000	-500,0000
6042,0000	-500,0000
6043,0000	-500,0000
6044,0000	-500,0000
6045,0000	-500,0000
6046,0000	-500,0000
6047,0000	-500,0000
6048,0000	-500,0000
6049,0000	-500,0000
6050,0000	-500,0000
6051,0000	-500,0000
6052,0000	-500,0000
6053,0000	-500,0000
6054,0000	-500,0000
6055,0000	-500,0000
6056,0000	-500,0000
6057,0000	-500,0000
6058,0000	-500,0000
6059,0000	-500,0000
6060,0000	-500,0000
6061,0000	-500,0000
6062,0000	-500,0000
6063,0000	-500,0000
6064,0000	-500,0000
6065,0000	-500,0000
6066,0000	-500,0000
6067,0000	-500,0000
6068,0000	-500,0000
6069,0000	-500,0000
6070,0000	-500,0000
6071,0000	-500,0000
6072,0000	-500,0000
6073,0000	-500,0000
6074,0000	-500,0000
6075,0000	-500,0000
6076,0000	-500,0000
6077,0000	-500,0000
6078,0000	-500,0000
6079,0000	-500,0000
6080,0000	-500,0000
6081,0000	-500,0000
6082,0000	-500,0000
6083,0000	-500,0000
6084,0000	-500,0000
6085,0000	-500,0000
6086,0000	-500,0000
6087,0000	-500,0000
6088,0000	-500,0000
6089,0000	-500,0000
6090,0000	-500,0000
6091,0000	-500,0000
6092,0000	-500,0000
6093,0000	-500,0000
6094,0000	-500,0000
6095,0000	-500,0000
6096,0000	-500,0000
6097,0000	-500,0000
6098,0000	-500,0000
6099,0000	-500,0000
6100,0000	-500,0000
6101,0000	-500,0000
6102,0000	-500,0000
6103,0000	-500,0000
6104,0000	-500,0000
6105,0000	-500,0000
6106,0000	-500,0000
6107,0000	-500,0000
6108,0000	-500,0000
6109,0000	-500,0000
6110,0000	-500,0000
6111,0000	-500,0000
6112,0000	-500,0000
6113,0000	-500,0000
6114,0000	-500,0000
6115,0000	-500,0000
6116,0000	-500,0000
6117,0000	-500,0000
6118,0000	-500,0000
6119,0000	-500,0000
6120,0000	-500,0000
6121,0000	-500,0000
6122,0000	-500,0000
6123,0000	-500,0000
6124,0000	-500,0000
6125,0000	-500,0000
6126,0000	-500,0000
6127,0000	-500,0000
6128,0000	-500,0000
6129,0000	-500,0000
6130,0000	-500,0000
6131,0000	-500,0000
6132,0000	-500,0000
6133,0000	-500,0000
6134,0000	-500,0000
6135,0000	-500,0000
6136,0000	-500,0000
6137,0000	-500,0000
6138,0000	-500,0000
6139,0000	-500,0000
6140,0000	-500,0000
6141,0000	-500,0000
6142,0000	-500,0000
6143,0000	-500,0000
6144,0000	-500,0000
6145,0000	-500,0000
6146,0000	-500,0000
6147,0000	-500,0000
6148,0000	-500,0000
6149,0000	-500,0000
6150,0000	-500,0000
6151,0000	-500,0000
6152,0000	-500,0000
6153,0000	-500,0000
6154,0000	-500,0000
6155,0000	-500,0000
6156,0000	-500,0000
6157,0000	-500,0000
6158,0000	-500,0000
6159,0000	-500,0000
6160,0000	-500,0000
6161,0000	-500,0000
6162,0000	-500,0000
6163,0000	-500,0000
6164,0000	-500,0000
6165,0000	-500,0000
6166,0000	-500,0000
6167,0000	-500,0000
6168,0000	-500,0000
6169,0000	-500,0000
6170,0000	-500,0000
6171,0000	-500,0000
6172,0000	-500,0000
6173,0000	-500,0000
6174,0000	-500,0000
6175,0000	-500,0000
6176,0000	-500,0000
6177,0000	-500,0000
6178,0000	-500,0000
6179,0000	-500,0000
6180,0000	-500,0000
6181,0000	-500,0000
6182,0000	-500,0000
6183,0000	-500,0000
6184,0000	-500,0000
6185,0000	-500,0000
6186,0000	-500,0000
6187,0000	-500,0000
6188,0000	-500,0000
6189,0000	-500,0000
6190,0000	-500,0000
6191,0000	-500,0000
6192,0000	-500,0000
6193,0000	-500,0000
6194,0000	-500,0000
6195,0000	-500,0000
6196,0000	-500,0000
6197,0000	-500,0000
6198,0000	-500,0000
6199,0000	-500,0000
6200,0000	-500,0000
6201,0000	-500,0000
6202,0000	-500,0000
6203,0000	-500,0000
6204,0000	-500,0000
6205,0000	-500,0000
6206,0000	-500,0000
6207,0000	-500,0000
6208,0000	-500,0000
6209,0000	-500,0000
6210,0000	-500,0000
6211,0000	-500,0000
6212,0000	-500,0000
6213,0000	-500,0000
6214,0000	-500,0000
6215,0000	-500,0000
6216,0000	-500,0000
6217,0000	-500,0000
6218,0000	-500,0000
6219,0000	-500,0000
6220,0000	-500,0000
6221,0000	-500,0000
6222,0000	-500,0000
6223,0000	-500,0000
6224,0000	-500,0000
6225,0000	-500,0000
6226,0000	-500,0000
6227,0000	-500,0000
6228,0000	-500,0000
6229,0000	-500,0000
6230,0000	-500,0000
6231,0000	-500,0000
6232,0000	-500,0000
6233,0000	-500,0000
6234,0000	-500,0000
6235,0000	-500,0000
6236,0000	-500,0000
6237,0000	-500,0000
6238,0000	-500,0000
6239,0000	-500,0000
6240,0000	-500,0000
6241,0000	-500,0000
6242,0000	-500,0000
6243,0000	-500,0000
6244,0000	-500,0000
6245,0000	-500,0000
6246,0000	-500,0000
6247,0000	-500,0000
6248,0000	-500,0000
6249,0000	-500,0000
6250,0000	-500,0000
6251,0000	-500,0000
6252,0000	-500,0000
6253,0000	-500,0000
6254,0000	-500,0000
6255,0000	-500,0000
6256,0000	-500,0000
6257,0000	-500,0000
6258,0000	-500,0000
6259,0000	-500,0000
6260,0000	-500,0000
6261,0000	-500,0000
6262,0000	-500,0000
6263,0000	-500,0000
6264,0000	-500,0000
6265,0000	-500,0000
6266,0000	-500,0000
6267,0000	-500,0000
6268,0000	-500,0000
6269,0000	-500,0000
6270,0000	-500,0000
6271,0000	-500,0000
6272,0000	-500,0000
6273,0000	-500,0000
6274,0000	-500,0000
6275,0000	-500,0000
6276,0000	-500,0000
6277,0000	-500,0000
6278,0000	-500,0000
6279,0000	-500,0000
6280,0000	-500,0000
6281,0000	-500,0000
6282,0000	-500,0000
6283,0000	-500,0000
6284,0000	-500,0000
6285,0000	-500,0000
6286,0000	-500,0000
6287,0000	-500,0000
6288,0000	-500,0000
6289,0000	-500,0000
6290,0000	-500,0000
6291,0000	-500,0000
6292,0000	-500,0000
6293,0000	-500,0000
6294,0000	-500,0000
6295,0000	-500,0000
6296,0000	-500,0000
6297,0000	-500,0000
6298,0000	-500,0000
6299,0000	-500,0000
6300,0000	-500,0000
6301,0000	-500,0000
6302,0000	-500,0000
6303,0000	-500,0000
6304,0000	-500,0000
6305,0000	-500,0000
6306,0000	-500,0000
6307,0000	-500,0000
6308,0000	-500,0000
6309,0000	-500,0000
6310,0000	-500,0000
6311,0000	-500,0000
6312,0000	-500,0000
6313,0000	-500,0000
6314,0000	-500,0000
6315,0000	-500,0000
6316,0000	-500,0000
6317,0000	-500,0000
6318,0000	-500,0000
6319,0000	-500,0000
6320,0000	-500,0000
6321,0000	-500,0000
6322,0000	-500,0000
6323,0000	-500,0000
6324,0000	-500,0000
6325,0000	-500,0000
6326,0000	-500,0000
6327,0000	-500,0000
6328,0000	-500,0000
6329,0000	-500,0000
6330,0000	-500,0000
6331,0000	-500,0000
6332,0000	-500,0000
6333,0000	-500,0000
6334,0000	-500,0000
6335,0000	-500,0000
6336,0000	-500,0000
6337,0000	-500,0000
6338,0000	-500,0000
6339,0000	-500,0000
6340,0000	-500,0000
6341,0000	-500,0000
6342,0000	-500,0000
6343,0000	-500,0000
6344,0000	-500,0000
6345,0000	-500,0000
6346,0000	-500,0000
6347,0000	-500,0000
6348,0000	-500,0000
6349,0000	-500,0000
6350,0000	-500,0000
6351,0000	-500,0000
6352,0000	-500,0000
6353,0000	-500,0000
6354,0000	-500,0000
6355,0000	-500,0000
6356,0000	-500,0000
6357,0000	-500,0000
6358,0000	-500,0000
6359,0000	-500,0000
6360,0000	-500,0000
6361,0000	-500,0000
6362,0000	-500,0000
6363,0000	-500,0000
6364,0000	-500,0000
6365,0000	-500,0000
6366,0000	-500,0000
6367,0000	-500,0000
6368,0000	-500,0000
6369,0000	-500,0000
6370,0000	-500,0000
6371,0000	-500,0000
6372,0000	-500,0000
6373,0000	-500,0000
6374,0000	-500,0000
6375,0000	-500,0000
6376,0000	-500,0000
6377,0000	-500,0000
6378,0000	-500,0000
6379,0000	-500,0000
6380,0000	-500,0000
6381,0000	-500,0000
6382,0000	-500,0000
6383,0000	-500,0000
6384,0000	-500,0000
6385,0000	-500,0000
6386,0000	-500,0000
6387,0000	-500,0000
6388,0000	-500,0000
6389,0000	-500,0000
6390,0000	-500,0000
6391,0000	-500,0000
6392,0000	-500,0000
6393,0000	-500,0000
6394,0000	-500,0000
6395,0000	-500,0000
6396,0000	-500,0000
6397,0000	-500,0000
6398,0000	-500,0000
6399,0000	-500,0000
6400,0000	-500,0000
6401,0000	-500,0000
6402,0000	-500,0000
6403,0000	-500,0000
6404,0000	-500,0000
6405,0000	-500,0000
6406,0000	-500,0000
6407,0000	-500,0000
6408,0000	-500,0000
6409,0000	-500,0000
6410,0000	-500,0000
6411,0000	-500,0000
6412,0000	-500,0000
6413,0000	-500,0000
6414,0000	-500,0000
6415,0000	-500,0000
6416,0000	-500,0000
6417,0000	-500,0000
6418,0000	-500,0000
6419,0000	-500,0000
6420,0000	-500,0000
6421,0000	-500,0000
6422,0000	-500,0000
6423,0000	-500,0000
6424,0000	-500,0000
6425,0000	-500,0000
6426,0000	-500,0000
6427,0000	-500,0000
6428,0000	-500,0000
6429,0000	-500,0000
6430,0000	-500,0000
6431,0000	-500,0000
6432,0000	-500,0000
6433,0000	-500,0000
6434,0000	-500,0000
6435,0000	-500,0000
6436,0000	-500,0000
6437,0000	-500,0000
6438,0000	-500,0000
6439,0000	-500,0000
6440,0000	-500,0000
6441,0000	-500,0000
6442,0000	-500,0000
6443,0000	-500,0000
6444,0000	-500,0000
6445,0000	-500,0000
6446,0000	-500,0000
6447,0000	-500,0000
6448,0000	-500,0000
6449,0000	-500,0000
6450,0000	-500,0000
6451,0000	-500,0000
6452,0000	-500,0000
6453,0000	-500,0000
6454,0000	-500,0000
6455,0000	-500,0000
6456,0000	-500,0000
6457,0000	-500,0000
6458,0000	-500,0000
6459,0000	-500,0000
6460,0000	-500,0000
6461,0000	-500,0000
6462,0000	-500,0000
6463,0000	-500,0000
6464,0000	-500,0000
6465,0000	-500,0000
6466,0000	-500,0000
6467,0000	-500,0000
6468,0000	-500,0000
6469,0000	-500,0000
6470,0000	-500,0000
6471,0000	-500,0000
6472,0000	-500,0000
6473,0000	-500,0000
6474,0000	-500,0000
6475,0000	-500,0000
6476,0000	-500,0000
6477,0000	-500,0000
6478,0000	-500,0000
6479,0000	-500,0000
6480,0000	-500,0000
6481,0000	-500,0000
6482,0000	-500,0000
6483,0000	-500,0000
6484,0000	-500,0000
6485,0000	-500,0000
6486,0000	-500,0000
6487,0000	-500,0000
6488,0000	-500,0000
6489,0000	-500,0000
6490,0000	-500,0000
6491,0000	-500,0000
6492,0000	-500,0000
6493,0000	-500,0000
6494,0000	-500,0000
6495,0000	-500,0000
6496,0000	-500,0000
6497,0000	-500,0000
6498,0000	-500,0000
6499,0000	-500,0000
6500,0000	-500,0000
6501,0000	-500,0000
6502,0000	-500,0000
6503,0000	-500,0000
6504,0000	-500,0000
6505,0000	-500,0000
6506,0000	-500,0000
6507,0000	-500,0000
6508,0000	-500,0000
6509,0000	-500,0000
6510,0000	-500,0000
6511,0000	-500,0000
6512,0000	-500,0000
6513,0000	-500,0000
6514,0000	-500,0000
6515,0000	-500,0000
6516,0000	-500,0000
6517,0000	-500,0000
6518,0000	-500,0000
6519,0000	-500,0000
6520,0000	-500,0000
6521,0000	-500,0000
6522,0000	-500,0000
6523,0000	-500,0000
6524,0000	-500,0000
6525,0000	-500,0000
6526,0000	-500,0000
6527,0000	-500,0000
6528,0000	-500,0000
6529,0000	-500,0000
6530,0000	-500,0000
6531,0000	-500,0000
6532,0000	-500,0000
6533,0000	-500,0000
6534,0000	-500,0000
6535,0000	-500,0000
6536,0000	-500,0000
6537,0000	-500,0000
6538,0000	-500,0000
6539,0000	-500,0000
6540,0000	-500,0000
6541,0000	-500,0000
6542,0000	-500,0000
6543,0000	-500,0000
6544,0000	-500,0000
6545,0000	-500,0000
6546,0000	-500,0000
6547,0000	-500,0000
6548,0000	-500,0000
6549,0000	-500,0000
6550,0000	-500,0000
6551,0000	-500,0000
6552,0000	-500,0000
6553,0000	-500,0000
6554,0000	-500,0000
6555,0000	-500,0000
6556,0000	-500,0000
6557,0000	-500,0000
6558,0000	-500,0000
6559,0000	-500,0000
6560,0000	-500,0000
6561,0000	-500,0000
6562,0000	-500,0000
6563,0000	-500,0000
6564,0000	-500,0000
6565,0000	-500,0000
6566,0000	-500,0000
6567,0000	-500,0000
6568,0000	-500,0000
6569,0000	-500,0000
6570,0000	-500,0000
6571,0000	-500,0000
6572,0000	-500,0000
6573,0000	-500,0000
6574,0000	-500,0000
6575,0000	-500,0000
6576,0000	-500,0000
6577,0000	-500,0000
6578,0000	-500,0000
6579,0000	-500,0000
6580,0000	-500,0000
6581,0000	-500,0000
6582,0000	-500,0000
6583,0000	-500,0000
6584,0000	-500,0000
6585,0000	-500,0000
6586,0000	-500,0000
6587,0000	-500,0000
6588,0000	-500,0000
6589,0000	-500,0000
6590,0000	-500,0000
6591,0000	-500,0000
6592,0000	-500,0000
6593,0000	-500,0000
6594,0000	-500,0000
6595,0000	-500,0000
6596,0000	-500,0000
6597,0000	-500,0000
6598,0000	-500,0000
6599,0000	-500,0000
6600,0000	-500,0000
6601,0000	-500,0000
6602,0000	-500,0000
6603,0000	-500,0000
6604,0000	-500,0000
6605,0000	-500,0000
6606,0000	-500,0000
6607,0000	-500,0000
6608,0000	-500,0000
6609,0000	-500,0000
6610,0000	-500,0000
6611,0000	-500,0000
6612,0000	-500,0000
6613,0000	-500,0000
6614,0000	-500,0000
6615,0000	-500,0000
6616,0000	-500,0000
6617,0000	-500,0000
6618,0000	-500,0000
6619,0000	-500,0000
6620,0000	-500,0000
6621,0000	-500,0000
6622,0000	-500,0000
6623,0000	-500,0000
6624,0000	-500,0000
6625,0000	-500,0000
6626,0000	-500,0000
6627,0000	-500,0000
6628,0000	-500,0000
6629,0000	-500,0000
6630,0000	-500,0000
6631,0000	-500,0000
6632,0000	-500,0000
6633,0000	-500,0000
6634,0000	-500,0000
6635,0000	-500,0000
6636,0000	-500,0000
6637,0000	-500,0000
6638,0000	-500,0000
6639,0000	-500,0000
6640,0000	-500,0000
6641,0000	-500,0000
6642,0000	-500,0000
6643,0000	-500,0000
6644,0000	-500,0000
6645,0000	-500,0000
6646,0000	-500,0000
6647,0000	-500,0000
6648,0000	-500,0000
6649,0000	-500,0000
6650,0000	-500,0000
6651,0000	-500,0000
6652,0000	-500,0000
6653,0000	-500,0000
6654,0000	-500,0000
6655,0000	-500,0000
6656,0000	-500,0000
6657,0000	-500,0000
6658,0000	-500,0000
6659,0000	-500,0000
6660,0000	-500,0000
6661,0000	-500,0000
6662,0000	-500,0000
6663,0000	-500,0000
6664,0000	-500,0000
6665,0000	-500,0000
6666,0000	-500,0000
6667,0000	-500,0000
6668,0000	-500,0000
6669,0000	-500,0000
6670,0000	-500,0000
6671,0000	-500,0000
6672,0000	-500,0000
6673,0000	-500,0000
6674,0000	-500,0000
6675,0000	-500,0000
6676,0000	-500,0000
6677,0000	-500,0000
6678,0000	-500,0000
6679,0000	-500,0000
6680,0000	-500,0000
6681,0000	-500,0000
6682,0000	-500,0000
6683,0000	-500,0000
6684,0000	-500,0000
6685,0000	-500,0000
6686,0000	-500,0000
6687,0000	-500,0000
6688,0000	-500,0000
6689,0000	-500,0000
6690,0000	-500,0000
6691,0000	-500,0000
6692,0000	-500,0000
6693,0000	-500,0000
6694,0000	-500,0000
6695,0000	-500,0000
6696,0000	-500,0000
6697,0000	-500,0000
6698,0000	-500,0000
6699,0000	-500,0000
6700,0000	-500,0000
6701,0000	-500,0000
6702,0000	-500,0000
6703,0000	-500,0000
6704,0000	-500,0000
6705,0000	-500,0000
6706,0000	-500,0000
6707,0000	-500,0000
6708,0000	-500,0000
6709,0000	-500,0000
6710,0000	-500,0000
6711,0000	-500,0000
6712,0000	-500,0000
6713,0000	-500,0000
6714,0000	-500,0000
6715,0000	-500,0000
6716,0000	-500,0000
6717,0000	-500,0000
6718,0000	-500,0000
6719,0000	-500,0000
6720,0000	-500,0000
6721,0000	-500,0000
6722,0000	-500,0000
6723,0000	-500,0000
6724,0000	-500,0000
6725,0000	-500,0000
6726,0000	-500,0000
6727,0000	-500,0000
6728,0000	-500,0000
6729,0000	-500,0000
6730,0000	-500,0000
6731,0000	-500,0000
6732,0000	-500,0000
6733,0000	-500,0000
6734,0000	-500,0000
6735,0000	-500,0000
6736,0000	-500,0000
6737,0000	-500,0000
6738,0000	-500,0000
6739,0000	-500,0000
6740,0000	-500,0000
6741,0000	-500,0000
6742,0000	-500,0000
6743,0000	-500,0000
6744,0000	-500,0000
6745,0000	-500,0000
6746,0000	-500,0000
6747,0000	-500,0000
6748,0000	-500,0000
6749,0000	-500,0000
6750,0000	-500,0000
6751,0000	-500,0000
6752,0000	-500,0000
6753,0000	-500,0000
6754,0000	-500,0000
6755,0000	-500,0000
6756,0000	-500,0000
6757,0000	-500,0000
6758,0000	-500,0000
6759,0000	-500,0000
6760,0000	-500,0000
6761,0000	-500,0000
6762,0000	-500,0000
6763,0000	-500,0000
6764,0000	-500,0000
6765,0000	-500,0000
6766,0000	-500,0000
6767,0000	-500,0000
6768,0000	-500,0000
6769,0000	-500,0000
6770,0000	-500,0000
6771,0000	-500,0000
6772,0000	-500,0000
6773,0000	-500,0000
6774,0000	-500,0000
6775,0000	-500,0000
6776,0000	-500,0000
6777,0000	-500,0000
6778,0000	-500,0000
6779,0000	-500,0000
6780,0000	-500,0000
6781,0000	-500,0000
6782,0000	-500,0000
6783,0000	-500,0000
6784,0000	-500,0000
6785,0000	-500,0000
6786,0000	-500,0000
6787,0000	-500,0000
6788,0000	-500,0000
6789,0000	-500,0000
6790,0000	-500,0000
6791,0000	-500,0000
6792,0000	-500,0000
6793,0000	-500,0000
6794,0000	-500,0000
6795,0000	-500,0000
6796,0000	-500,0000
6797,0000	-500,0000
6798,0000	-500,0000
6799,0000	-500,0000
6800,0000	-500,0000
6801,0000	-500,0000
6802,0000	-500,0000
6803,0000	-500,0000
6804,0000	-500,0000
6805,0000	-500,0000
6806,0000	-500,0000
6807,0000	-500,0000
6808,0000	-500,0000
6809,0000	-500,0000
6810,0000	-500,0000
6811,0000	-500,0000
6812,0000	-500,0000
6813,0000	-500,0000
6814,0000	-500,0000
6815,0000	-500,0000
6816,0000	-500,0000
6817,0000	-500,0000
6818,0000	-500,0000
6819,0000	-500,0000
6820,0000	-500,0000
6821,0000	-500,0000
6822,0000	-500,0000
6823,0000	-500,0000
6824,0000	-500,0000
6825,0000	-500,0000
6826,0000	-500,0000
6827,0000	-500,0000
6828,0000	-500,0000
6829,0000	-500,0000
6830,0000	-500,0000
6831,0000	-500,0000
6832,0000	-500,0000
6833,0000	-500,0000
6834,0000	-500,0000
6835,0000	-500,0000
6836,0000	-500,0000
6837,0000	-500,0000
6838,0000	-500,0000
6839,0000	-500,0000
6840,0000	-500,0000
6841,0000	-500,0000
6842,0000	-500,0000
6843,0000	-500,0000
6844,0000	-500,0000
6845,0000	-500,0000
6846,0000	-500,0000
6847,0000	-500,0000
6848,0000	-500,0000
6849,0000	-500,0000
6850,0000	-500,0000
6851,0000	-500,0000
6852,0000	-500,0000
6853,0000	-500,0000
6854,0000	-500,0000
6855,0000	-500,0000
6856,0000	-500,0000
6857,0000	-500,0000
6858,0000	-500,0000
6859,0000	-500,0000
6860,0000	-500,0000
6861,0000	-500,0000
6862,0000	-500,0000
6863,0000	-500,0000
6864,0000	-500,0000
6865,0000	-500,0000
6866,0000	-500,0000
6867,0000	-500,0000
6868,0000	-500,0000
6869,0000	-500,0000
6870,0000	-500,0000
6871,0000	-500,0000
6872,0000	-500,0000
6873,0000	-500,0000
6874,0000	-500,0000
6875,0000	-500,0000
6876,0000	-500,0000
6877,0000	-500,0000
6878,0000	-500,0000
6879,0000	-500,0000
6880,0000	-500,0000
6881,0000	-500,0000
6882,0000	-500,0000
6883,0000	-500,0000
6884,0000	-500,0000
6885,0000	-500,0000
6886,0000	-500,0000
6887,0000	-500,0000
6888,0000	-500,0000
6889,0000	-500,0000
6890,0000	-500,0000
6891,0000	-500,0000
6892,0000	-500,0000
6893,0000	-500,0000
6894,0000	-500,0000
6895,0000	-500,0000
6896,0000	-500,0000
6897,0000	-500,0000
6898,0000	-500,0000
6899,0000	-500,0000
6900,0000	-500,0000
6901,0000	-500,0000
6902,0000	-500,0000
6903,0000	-500,0000
6904,0000	-500,0000
6905,0000	-500,0000
6906,0000	-500,0000
6907,0000	-500,0000
6908,0000	-500,0000
6909,0000	-500,0000
6910,0000	-500,0000
6911,0000	-500,0000
6912,0000	-500,0000
6913,0000	-500,0000
6914,0000	-500,0000
6915,0000	-500,0000
6916,0000	-500,0000
6917,0000	-500,0000
6918,0000	-500,0000
6919,0000	-500,0000
6920,0000	-500,0000
6921,0000	-500,0000
6922,0000	-500,0000
6923,0000	-500,0000
6924,0000	-500,0000
6925,0000	-500,0000
6926,0000	-500,0000
6927,0000	-500,0000
6928,0000	-500,0000
6929,0000	-500,0000
6930,0000	-500,0000
6931,0000	-500,0000
6932,0000	-500,0000
6933,0000	-500,0000
6934,0000	-500,0000
6935,0000	-500,0000
6936,0000	-500,0000
6937,0000	-500,0000
6938,0000	-500,0000
6939,0000	-500,0000
6940,0000	-500,0000
6941,0000	-500,0000
6942,0000	-500,0000
6943,0000	-500,0000
6944,0000	-500,0000
6945,0000	-500,0000
6946,0000	-500,0000
6947,0000	-500,0000
6948,0000	-500,0000
6949,0000	-500,0000
6950,0000	-500,0000
6951,0000	-500,0000
6952,0000	-500,0000
6953,0000	-500,0000
6954,0000	-500,0000
6955,0000	-500,0000
6956,0000	-500,0000
6957,0000	-500,0000
6958,0000	-500,0000
6959,0000	-500,0000
6960,0000	-500,0000
6961,0000	-500,0000
6962,0000	-500,0000
6963,0000	-500,0000
6964,0000	-500,0000
6965,0000	-500,0000
6966,0000	-500,0000
6967,0000	-500,0000
6968,0000	-500,0000
6969,0000	-500,0000
6970,0000	-500,0000
6971,0000	-500,0000
6972,0000	-500,0000
6973,0000	-500,0000
6974,0000	-500,0000
6975,0000	-500,0000
6976,0000	-500,0000
6977,0000	-500,0000
6978,0000	-500,0000
6979,0000	-500,0000
6980,0000	-500,0000
6981,0000	-500,0000
6982,0000	-500,0000
6983,0000	-500,0000
6984,0000	-500,0000
6985,0000	-500,0000
6986,0000	-500,0000
6987,0000	-500,0000
6988,0000	-500,0000
6989,0000	-500,0000
6990,0000	-500,0000
6991,0000	-500,0000
6992,0000	-500,0000
6993,0000	-500,0000
6994,0000	-500,0000
6995,0000	-500,0000
6996,0000	-500,0000
6997,0000	-500,0000
6998,0000	-500,0000
6999,0000	-500,0000
7000,0000	-500,0000
7001,0000	-500,0000
7002,0000	-500,0000
7003,0000	-500,0000
7004,0000	-500,0000
7005,0000	-500,0000
7006,0000	-500,0000
7007,0000	-500,0000
7008,0000	-500,0000
7009,0000	-500,0000
7010,0000	-500,0000
7011,0000	-500,0000
7012,0000	-500,0000
7013,0000	-500,0000
7014,0000	-500,0000
7015,0000	-500,0000
7016,0000	-500,0000
7017,0000	-500,0000
7018,0000	-500,0000
7019,0000	-500,0000
7020,0000	-500,0000
7021,0000	-500,0000
7022,0000	-500,0000
7023,0000	-500,0000
7024,0000	-500,0000
7025,0000	-500,0000
7026,0000	-500,0000
7027,0000	-500,0000
7028,0000	-500,0000
7029,0000	-500,0000
7030,0000	-500,0000
7031,0000	-500,0000
7032,0000	-500,0000
7033,0000	-500,0000
7034,0000	-500,0000
7035,0000	-500,0000
7036,0000	-500,0000
7037,0000	-500,0000
7038,0000	-500,0000
7039,0000	-500,0000
7040,0000	-500,0000
7041,0000	-500,0000
7042,0000	-500,0000
7043,0000	-500,0000
7044,0000	-500,0000
7045,0000	-500,0000
7046,0000	-500,0000
7047,0000	-500,0000
7048,0000	-500,0000
7049,0000	-500,0000
7050,0000	-500,0000
7051,0000	-500,0000
7052,0000	-500,0000
7053,0000	-500,0000
7054,0000	-500,0000
7055,0000	-500,0000
7056,0000	-500,0000
7057,0000	-500,0000
7058,0000	-500,0000
7059,0000	-500,0000
7060,0000	-500,0000
7061,0000	-500,0000
7062,0000	-500,0000
7063,0000	-500,0000
7064,0000	-500,0000
7065,0000	-500,0000
7066,0000	-500,0000
7067,0000	-500,0000
7068,0000	-500,0000
7069,0000	-500,0000
7070,0000	-500,0000
7071,0000	-500,0000
7072,0000	-500,0000
7073,0000	-500,0000
7074,0000	-500,0000
7075,0000	-500,0000
7076,0000	-500,0000
7077,0000	-500,0000
7078,0000	-500,0000
7079,0000	-500,0000
7080,0000	-500,0000
7081,0000	-500,0000
7082,0000	-500,0000
7083,0000	-500,0000
7084,0000	-500,0000
7085,0000	-500,0000
7086,0000	-500,0000
7087,0000	-500,0000
7088,0000	-500,0000
7089,0000	-500,0000
7090,0000	-500,0000
7091,0000	-500,0000
7092,0000	-500,0000
7093,0000	-500,0000
7094,0000	-500,0000
7095,0000	-500,0000
7096,0000	-500,0000
7097,0000	-500,0000
7098,0000	-500,0000
7099,0000	-500,0000
7100,0000	-500,0000
7101,0000	-500,0000
7102,0000	-500,0000
7103,0000	-500,0000
7104,0000	-500,0000
7105,0000	-500,0000
7106,0000	-500,0000
7107,0000	-500,0000
7108,0000	-500,0000
7109,0000	-500,0000
7110,0000	-500,0000
7111,0000	-500,0000
7112,0000	-500,0000
7113,0000	-500,0000
7114,0000	-500,0000
7115,0000	-500,0000
7116,0000	-500,0000
7117,0000	-500,0000
7118,0000	-500,0000
7119,0000	-500,0000
7120,0000	-500,0000
7121,0000	-500,0000
7122,0000	-500,0000
7123,0000	-500,0000
7124,0000	-500,0000
7125,0000	-500,0000
7126,0000	-500,0000
7127,0000	-500,0000
7128,0000	-500,0000
7129,0000	-500,0000
7130,0000	-500,0000
7131,0000	-500,0000
7132,0000	-500,0000
7133,0000	-500,0000
7134,0000	-500,0000
7135,0000	-500,0000
7136,0000	-500,0000
7137,0000	-500,0000
7138,0000	-500,0000
7139,0000	-500,0000
7140,0000	-500,0000
7141,0000	-500,0000
7142,0000	-500,0000
7143,0000	-500,0000
7144,0000	-500,0000
7145,0000	-500,0000
7146,0000	-500,0000
7147,0000	-500,0000
7148,0000	-500,0000
7149,0000	-500,0000
7150,0000	-500,0000
7151,0000	-500,0000
7152,0000	-500,0000
7153,0000	-500,0000
7154,0000	-500,0000
7155,0000	-500,0000
7156,0000	-500,0000
7157,0000	-500,0000
7158,0000	-500,0000
7159,0000	-500,0000
7160,0000	-500,0000
7161,0000	-500,0000
7162,0000	-500,0000
7163,0000	-500,0000
7164,0000	-500,0000
7165,0000	-500,0000
7166,0000	-500,0000
7167,0000	-500,0000
7168,0000	-500,0000
7169,0000	-500,0000
7170,0000	-500,0000
7171,0000	-500,0000
7172,0000	-500,0000
7173,0000	-500,0000
7174,0000	-500,0000
7175,0000	-500,0000
7176,0000	-500,0000
7177,0000	-500,0000
7178,0000	-500,0000
7179,0000	-500,0000
7180,0000	-500,0000
7181,0000	-500,0000
7182,0000	-500,0000
7183,0000	-500,0000
7184,0000	-500,0000
7185,0000	-500,0000
7186,0000	-500,0000
7187,0000	-500,0000
7188,0000	-500,0000
7189,0000	-500,0000
7190,0000	-500,0000
7191,0000	-500,0000
7192,0000	-500,0000
7193,0000	-500,0000
7194,0000	-500,0000
7195,0000	-500,0000
7196,0000	-500,0000
7197,0000	-500,0000
7198,0000	-500,0000
7199,0000	-500,0000
7200,0000	-500,0000
7201,0000	-500,0000
7202,0000	-500,0000
7203,0000	-500,0000
7204,0000	-500,0000
7205,0000	-500,0000
7206,0000	-500,0000
7207,0000	-500,0000
7208,0000	-500,0000
7209,0000	-500,0000
7210,0000	-500,0000
7211,0000	-500,0000
7212,0000	-500,0000
7213,0000	-500,0000
7214,0000	-500,0000
7215,0000	-500,0000
7216,0000	-500,0000
7217,0000	-500,0000
7218,0000	-500,0000
7219,0000	-500,0000
7220,0000	-500,0000
7221,0000	-500,0000
7222,0000	-500,0000
7223,0000	-500,0000
7224,0000	-500,0000
7225,0000	-500,0000
7226,0000	-500,0000
7227,0000	-500,0000
7228,0000	-500,0000
7229,0000	-500,0000
7230,0000	-500,0000
7231,0000	-500,0000
7232,0000	-500,0000
7233,0000	-500,0000
7234,0000	-500,0000
7235,0000	-500,0000
7236,0000	-500,0000
7237,0000	-500,0000
7238,0000	-500,0000
7239,0000	-500,0000
7240,0000	-500,0000
7241,0000	-500,0000
7242,0000	-500,0000
7243,0000	-500,0000
7244,0000	-500,0000
7245,0000	-500,0000
7246,0000	-500,0000
7247,0000	-500,0000
7248,0000	-500,0000
7249,0000	-500,0000
7250,0000	-500,0000
7251,0000	-500,0000
7252,0000	-500,0000
7253,0000	-500,0000
7254,0000	-500,0000
7255,0000	-500,0000
7256,0000	-500,0000
7257,0000	-500,0000
7258,0000	-500,0000
7259,0000	-500,0000
7260,0000	-500,0000
7261,0000	-500,0000
7262,0000	-500,0000
7263,0000	-500,0000
7264,0000	-500,0000
7265,0000	-500,0000
7266,0000	-500,0000
7267,0000	-500,0000
7268,0000	-500,0000
7269,0000	-500,0000
7270,0000	-500,0000
7271,0000	-500,0000
7272,0000	-500,0000
7273,0000	-500,0000
7274,0000	-500,0000
7275,0000	-500,0000
7276,0000	-500,0000
7277,0000	-500,0000
7278,0000	-500,0000
7279,0000	-500,0000
7280,0000	-500,0000
7281,0000	-500,0000
7282,0000	-500,0000
7283,0000	-500,0000
7284,0000	-500,0000
7285,0000	-500,0000
7286,0000	-500,0000
7287,0000	-500,0000
7288,0000	-500,0000
7289,0000	-500,0000
7290,0000	-500,0000
7291,0000	-500,0000
7292,0000	-500,0000
7293,0000	-500,0000
7294,0000	-500,0000
7295,0000	-500,0000
7296,0000	-500,0000
7297,0000	-500,0000
7298,0000	-500,0000
7299,0000	-500,0000
7300,0000	-500,0000
7301,0000	-500,0000
7302,0000	-500,0000
7303,0000	-500,0000
7304,0000	-500,0000
7305,0000	-500,0000
7306,0000	-500,0000
7307,0000	-500,0000
7308,0000	-500,0000
7309,0000	-500,0000
7310,0000	-500,0000
7311,0000	-500,0000
7312,0000	-500,0000
7313,0000	-500,0000
7314,0000	-500,0000
7315,0000	-500,0000
7316,0000	-500,0000
7317,0000	-500,0000
7318,0000	-500,0000
7319,0000	-500,0000
7320,0000	-500,0000
7321,0000	-500,0000
7322,0000	-500,0000
7323,0000	-500,0000
7324,0000	-500,0000
7325,0000	-500,0000
7326,0000	-500,0000
7327,0000	-500,0000
7328,0000	-500,0000
7329,0000	-500,0000
7330,0000	-500,0000
7331,0000	-500,0000
7332,0000	-500,0000
7333,0000	-500,0000
7334,0000	-500,0000
7335,0000	-500,0000
7336,0000	-500,0000
7337,0000	-500,0000
7338,0000	-500,0000
7339,0000	-500,0000
7340,0000	-500,0000
7341,0000	-500,0000
7342,0000	-500,0000
7343,0000	-500,0000
7344,0000	-500,0000
7345,0000	-500,0000
7346,0000	-500,0000
7347,0000	-500,0000
7348,0000	-500,0000
7349,0000	-500,0000
7350,0000	-500,0000
7351,0000	-500,0000
7352,0000	-500,0000
7353,0000	-500,0000
7354,0000	-500,0000
7355,0000	-500,0000
7356,0000	-500,0000
7357,0000	-500,0000
7358,0000	-500,0000
7359,0000	-500,0000
7360,0000	-500,0000
7361,0000	-500,0000
7362,0000	-500,0000
7363,0000	-500,0000
7364,0000	-500,0000
7365,0000	-500,0000
7366,0000	-500,0000
7367,0000	-500,0000
7368,0000	-500,0000
7369,0000	-500,0000
7370,0000	-500,0000
7371,0000	-500,0000
7372,0000	-500,0000
7373,0000	-500,0000
7374,0000	-500,0000
7375,0000	-500,0000
7376,0000	-500,0000
7377,0000	-500,0000
7378,0000	-500,0000
7379,0000	-500,0000
7380,0000	-500,0000
7381,0000	-500,0000
7382,0000	-500,0000
7383,0000	-500,0000
7384,0000	-500,0000
7385,0000	-500,0000
7386,0000	-500,0000
7387,0000	-500,0000
7388,0000	-500,0000
7389,0000	-500,0000
7390,0000	-500,0000
7391,0000	-500,0000
7392,0000	-500,0000
7393,0000	-500,0000
7394,0000	-500,0000
7395,0000	-500,0000
7396,0000	-500,0000
7397,0000	-500,0000
7398,0000	-500,0000
7399,0000	-500,0000
7400,0000	-500,0000
7401,0000	-500,0000
7402,0000	-500,0000
7403,0000	-500,0000
7404,0000	-500,0000
7405,0000	-500,0000
7406,0000	-500,0000
7407,0000	-500,0000
7408,0000	-500,0000
7409,0000	-500,0000
7410,0000	-500,0000
7411,0000	-500,0000
7412,0000	-500,0000
7413,0000	-500,0000
7414,0000	-500,0000
7415,0000	-500,0000
7416,0000	-500,0000
7417,0000	-500,0000
7418,0000	-500,0000
7419,0000	-500,0000
7420,0000	-500,0000
7421,0000	-500,0000
7422,0000	-500,0000
7423,0000	-500,0000
7424,0000	-500,0000
7425,0000	-500,0000
7426,0000	-500,0000
7427,0000	-500,0000
7428,0000	-500,0000
7429,0000	-500,0000
7430,0000	-500,0000
7431,0000	-500,0000
7432,0000	-500,0000
7433,0000	-500,0000
7434,0000	-500,0000
7435,0000	-500,0000
7436,0000	-500,0000
7437,0000	-500,0000
7438,0000	-500,0000
7439,0000	-500,0000
7440,0000	-500,0000
7441,0000	-500,0000
7442,0000	-500,0000
7443,0000	-500,0000
7444,0000	-500,0000
7445,0000	-500,0000
7446,0000	-500,0000
7447,0000	-500,0000
7448,0000	-500,0000
7449,0000	-500,0000
7450,0000	-500,0000
7451,0000	-500,0000
7452,0000	-500,0000
7453,0000	-500,0000
7454,0000	-500,0000
7455,0000	-500,0000
7456,0000	-500,0000
7457,0000	-500,0000
7458,0000	-500,0000
7459,0000	-500,0000
7460,0000	-500,0000
7461,0000	-500,0000
7462,0000	-500,0000
7463,0000	-500,0000
7464,0000	-500,0000
7465,0000	-500,0000
7466,0000	-500,0000
7467,0000	-500,0000
7468,0000	-500,0000
7469,0000	-500,0000
7470,0000	-500,0000
7471,0000	-500,0000
7472,0000	-500,0000
7473,0000	-500,0000
7474,0000	-500,0000
7475,0000	-500,0000
7476,0000	-500,0000
7477,0000	-500,0000
7478,0000	-500,0000
7479,0000	-500,0000
7480,0000	-500,0000
7481,0000	-500,0000
7482,0000	-500,0000
7483,0000	-500,0000
7484,0000	-500,0000
7485,0000	-500,0000
7486,0000	-500,0000
7487,0000	-500,0000
7488,0000	-500,0000
7489,0000	-500,0000
7490,0000	-500,0000
7491,0000	-500,0000
7492,0000	-500,0000
7493,0000	-500,0000
7494,0000	-500,0000
7495,0000	-500,0000
7496,0000	-500,0000
7497,0000	-500,0000
7498,0000	-500,0000
7499,0000	-500,0000
7500,0000	-500,0000
